0000000000000000000000000000000000000000000000000000000000000000000000000000000000000000000000000000000000000000000000000000000000000000000000000000000000000000000000000000000000000000000000000000000000000000000000000000
0000000000000000000000000000000000000000000000000000000000000000000000000000000000000000000000000000000000000000000000000000000000000000000000000000000000000000000000000000000000000000000000000000000000000000000000000000
0000000000000000000000000000000000000000000000000000000000000000000000000000000000000000000000000000000000000000000000000000000000000000000000000000000000000000000000000000000000000000000000000000000000000000000000000000
0000000000000000000000000000000000000000000000000000000000000000000000000000000000000000000000000000000000000000000000000000000000000000000000000000000000000000000000000000000000000000000000000000000000000000000000000000
0000000000000000000000000000000000000000000000000000000000000000000000000000000000000000000000000000000000000000000000000000000000000000000000000000000000000000000000000000000000000000000000000000000000000000000000000000
0000000000000000000000000000000000000000000000000000000000000000000000000000000000000000000000000000000000000000000000000000000000000000000000000000000000000000000000000000000000000000000000000000000000000000000000000000
0000000000000000000000000000000000000000000000000000000000000000000000000000000000000000000000000000000000000000000000000000000000000000000000000000000000000000000000000000000000000000000000000000000000000000000000000000
0000000000000000000000000000000000000000000000000000000000000000000000000000000000000000000000000000000000000000000000000000000000000000000000000000000000000000000000000000000000000000000000000000000000000000000000000000
0000000000000000000000000000000000000000000000000000000000000000000000000000000000000000000000000000000000000000000000000000000000000000000000000000000000000000000000000000000000000000000000000000000000000000000000000000
0000000000000000000000000000000000000000000000000000000000000000000000000000000000000000000000000000000000000000000000000000000000000000000000000000000000000000000000000000000000000000000000000000000000000000000000000000
0000000000000000000000000000000000000000000000000000000000000000000000000000000000000000000000000000000000000000000000000000000000000000000000000000000000000000000000000000000000000000000000000000000000000000000000000000
0000000000000000000000000000000000000000000000000000000000000000000000000000000000000000000000000000000000000000000000000000000000000000000000000000000000000000000000000000000000000000000000000000000000000000000000000000
0000000000000000000000000000000000000000000000000000000000000000000000000000000000000000000000000000000000000000000000000000000000000000000000000000000000000000000000000000000000000000000000000000000000000000000000000000
0000000000000000000000000000000000000000000000000000000000000000000000000000000000000000000000000000000000000000000000000000000000000000000000000000000000000000000000000000000000000000000000000000000000000000000000000000
0000000000000000000000000000000000000000000000000000000000000000000000000000000000000000000000000000000000000000000000011111111110000000000000000000000000000000000000000000000000000000000000000000000000000000000000000000
0000000000000000000000000000000000000000000000000000000000000000000000000000000000000000000000000000000000000000000001100000000011000000000000000000000000000000000000000000000000000000000000000000000000000000000000000000
0000000000000000000000000000000000000000000000000000000000000000000000000000000000000000000000000000000000000000000010000000111001100000000000000000000000000000000000000000000000000000000000000000000000000000000000000000
0000000000000000000000000000000000000000000000000000000000000000000000000000000000000000000000000000000000000000000100100001100000110000000000000000000000000000000000000000000000000000000000000000000000000000000000000000
0000000000000000000000000000000000000000000000000000000000000000000000000000000000000000000000000000000000000000000001111110000100010000000000000000000000000000000000000000000000000000000000000000000000000000000000000000
0000000000000000000000000000000000000000000000000000000000000000000000000000000000000000000000000000000000000000000011000000011000001000000000000000000000000000000000000000000000000000000000000000000000000000000000000000
0000000000000000000000000000000000000000000000000000000000000000000000000000000000000000000000000000000000000000010100000000000001001100000000000000000000000000000000000000000000000000000000000000000000000000000000000000
0000000000000000000000000000000000000000000000000000000000000000000000000000000000000000000000000000000000000000010100000000000000110100000000000000000000000000000000000000000000000000000000000000000000000000000000000000
0000000000000000000000000000000000000000000000000000000000000000000000000000000000000000000100000000000000000000010100000000000000010100000000000000000000000000000000000000000000000000000000000000000000000000000000000000
0000000000000000000000000000000000000000000000000000000000000000000000000000000000000011111011110000000000000000010100000000000000010100000000000000000000000000000000000000000000000000000000000000000000000000000000000000
0000000000000000000000000000000000000000000000000000000000000000000000000000000000001110000000011000000000000000010010010000000000100010000000000000000000000000000000000000000000000000000000000000000000000000000000000000
0000000000000000000000000000000000000000000000000000000000000000000000000000000000010000000000001110000000000000010010100000000001000010000000000000000000000000000000000000000000000000000000000000000000000000000000000000
0000000000000000000000000000000000000000000000000000000000000000000000000000000000100110000111100011000000000000010010110000000001000100000000000000000000000000000000000000000000000000000000000000000000000000000000000000
0000000000000000000000000000000000000000000000000000000000000000000000000000000000101101111000011001000000000000010010100000000000000100000000000000000000000000000000000000000000000000000000000000000000000000000000000000
0000000000000000000000000000000000000000000000000000000000000000000000000000000001011000010000000001000000000000010010000000000000000010000000000000000000000000000000000000000000000000000000000000000000000000000000000000
0000000000000000000000000000000000000000000000000000000000000000000000000000000000110000011000000110100000000000010010000000000000000100000000000000000000000000000000000000000000000000000000000000000000000000000000000000
0000000000000000000000000000000000000000000000000000000000000000000000000000000000100000001000001101000000000000000010000000000001000100000000000000000000000000000000000000000000000000000000000000000000000000000000000000
0000000000000000000000000000000000000000000000000000000000000000000000000000000100100000001000000001000000000000100010000000000000000100000000000000000000000000000000000000000000000000000000000000000000000000000000000000
0000000000000000000000000000000000000000000000000000000000000000000000000000000000100000001000000001001000000000101010000000000000000100000000000000000000000000000000000000000000000000000000000000000000000000000000000000
0000000000000000000000000000000000000000000000000000000000000000000000000000000000100000000110000001001000000000001000000000000000000100000000000000000000000000000000000000000000000000000000000000000000000000000000000000
0000000000000000000000000000000000000000000000000000000000000000000000000000000000100000000000000000101000000001001000000000000000001000000000000000000000000000000000000000000000000000000000000000000000000000000000000000
0000000000000000000000000000000000000000000000000000000000000000000000000000000100101000000000000000101000000001001000000000000000001000000000000000000000000000000000000000000000000000000000000000000000000000000000000000
0000000000000000000000000000000000000000000000000000000000000000000000000000000000101000000000000001000000000001001000000000000000001000000000000000000000000000000000000000000000000000000000000000000000000000000000000000
0000000000000000000000000000000000000000000000000000000000000000000000000000000000101000000000000001000000000001001000000000000000001000000000000000000000000000011110000000000000000000000000000000000000000000000000000000
0000000000000000000000000000000000000000000000000000000000000000000000000000000000101000000000000001000000000001001000000000000000001000000000000000000000000011100001110000000000000000000000000000000000000000000000000000
0000000000000000000000000000000000000000000000000000000000000000000000000000000000101000000000000001000000000001001000000000000000001000000000000000000000001110000000011000000000000000000000000000000000000000000000000000
0000000000000000000000000000000000000000000000000000000000000000000000000000000000101000000000000001000000000001010000000000000000001000000000000000000000001000111110001100000000000000000000000000000000000000000000000000
0000000000000000000000000000000000000000000000000000000000000000000000000000000100100000000000000001000000000000010000000000000100001000000000000000000000001011000000000110000000000000000000000000000000000000000000000000
0000000000000000000000000000000000000000000000000000000000000000000000000000000101000000000000000001000000000000010000000000000100001000000000000000000000010110111010100010000000000000000000000000000000000000000000000000
0000000000000000000000000000000000000000000000000000000000000000000000000000000100100000000000000001000000000010100000000000000000010000000000000000000000101100000101011010000000000000000000000000000000000000000000000000
0000000000000000000000000000000000000000000000000000000000000000000000000000000100100000000000000001000000000010100000000000000100010000000000000000000000101000000000000101000000000000000000000000000000000000000000000000
0000000000000000000000000000000000000000000000000000000000000000000000000000000101000000000000000001000000000010100000000000000100010000000000000000000000001000000000000101000000000000000000000000000000000000000000000000
0000000000000000000000000000000000000000000000000000000000000000000000000000000001000000000000000010100000000000100000000000000000010000000000000000000001001000100000010101000000000000000000000000000000000000000000000000
0000000000000000000000000000000000000000000000000000000000000000000000000000000001000000000000000000000000000100100000000000001100100000000000000000000001001000000000011100100000000000000000000000000000000000000000000000
0000000000000000000000000000000000000000000000000000000000000000000000000000000000100000000000000000000000000100100000000000001000100000000000000000000010010010000000010100100000000000000000000000000000000000000000000000
0000000000000000000000000000000000000000000000000000000011111111000000000000000001000000000000000000000000000100100000000000001000100000000000000000000010100010000000010101000000000000000000000000000000000000000000000000
0000000000000000000000000000000000000000000000000000000110000001110000000000000001000000000000000000000000000100100000000000010000100000000000000000000010100010000000001001000000000000000000000000000000000000000000000000
0000000000000000000000000000000000000000000000000000001001111100010000000000000010000000000000000000000000000101000000000000000000100000000000000000000100100100000000001001000000000000000000000000000000000000000000000000
0000000000000000000000000000000000000000000000000000000010000000011000000000000001000000000000000000000000000001000000000000000000100000000000000000000101100100000000001001000000000000000000000000000000000000000000000000
0000000000000000000000000000000000000000000000000000001101000000001100000000000001000000000000000000000000001011000000000000000000100000000000000000000001000000000000010001000000000000000000000000000000000000000000000000
0000000000000000000000000000000000000000000000000000001000100001000100000000000010000000000000000000000000000010000000000000000000100000000000000000001010000000000000010010000000000000000000000000000000000000000000000000
0000000000000000000000000000000000000000000000000001011000110000010010000000000001000000000000000000000000010010000000000000000001000000000000000000001010000000000001000010000000000000000000000000000000000000000000000000
0000000000000000000000000000000000000000000000000000010000011000010010000000000001000000000000000000000000010010000000000000000001000000000000000000000010000000000001000010000000000000000000000000000000000000000000000000
0000000000000000000000000000000000000000000000000000010000001110000100000000000010000000000000000000000000010010000000000000000001000000000000000000010110000000000000000010000000000000000000000000000000000000000000000000
0000000000000000000000000000000000000000000000000000010000000100000100000000000010000000000000000000000000000010000000000000000001000000000000000000010100000000000010000010000000000000000000000000000000000000000000000000
0000000000000000000000000000000000000000000000000000100001010100000100000000000010000000000000000000000000100010000000000000000001000000000000000000000100000000000000000010000000000000000000000000000000000000000000000000
0000000000000000000000000000000000000000000000000000100000000100000100000000000010000000000000000000000000100100000000000000000001000000000000000000101100000000000000000100000000000000000000000000000000000000000000000000
0000000000000000000000000000000000000000000000000000100000000000000100100000000010000000000000000000000000101000000000000000000010000000000000000001101000000000000000000100000000000000000000000000000000000000000000000000
0000000000000000000000000000000000000000000000000000100000000000000100100000000010000000000000000000000001001000000000000000000010000000000000000001001000000000000000000100000000000000000000000000000000000000000000000000
0000000000000000000000000000000000000000000000000000100000000000000010100000000010000000000000000000000001011000000000000000000010000000000000000001001000000000000010001100000000000000000000000000000000000000000000000000
0000000000000000000000000000000000000000000000000000100000000000000010000000000010000000000000000000000001010000000000000000000010000000000000000000010000000000000010001000000000000000000000000000000000000000000000000000
0000000000000000000000000000000000000000000000000000100000000000000010000000000010000000000000000000000000010000000000000000000010000000000000000010110000000000000000001000000000000000000000000000000000000000000000000000
0000000000000000000000000000000000000000000000000000100000000000000010100000000010000000000000000000000000010000000000000000000010000000000000000000100000000000000010010000000000000000000000000000000000000000000000000000
0000000000000000000000000000000000000000000000000000100000000000000000000000000010000000000000000000000000100000000000000010000010000000000000000100100000000000000110110000000000000000000000000000000000000000000000000000
0000000000000000000000000000000000000000000000000000100000000000000001000000000010000000000000000000000100100000000000000100000100000000000000000101100000000000011100100000000000000000000000000000000000000000000000000000
0000000000000000000000000000000000000000000000000000100000000000000000000000000010000000000000000000000100100000000000000100000010000000000000001000100000000000110000100000000000000000000000000000000000000000000000000000
0000000000000000000000000000000000000000000000000000100000000000000000000000000100000000000000000000000001100000000000001000000100000000000000001010000000000000000000100000000000000000000000000000000000000000000000000000
0000000000000000000000000000000000000000000000000000100000000000000001000000000100000000000000000000000001000000000000010000000100000000000000001010000000000000000001000000000000000000000000000000000000000000000000000000
0000000000000000000000000000000000000000000000000000101000000000000001000000000100000000000000000000000010000000000000010000000100000000000000010010000000000000000001000000000000000000000000000000000000000000000000000000
0000000000000000000000000000000000000000000000000000100000000000000000100000100100000000000000000000000010000000000000000000000100000000000000110010000000000000010011000000000000000000000000000000000000000000000000000000
0000000000000000000000000000000000000000000000000000101000000000000001000000100100000000000000000000000010000000000000000000000100000000000000100100000000000000110010000000000000000000000000000000000000000000000000000000
0000000000000000000000000000000000000000000000000000101000000000000001000000001000000000000000000010000010000000000000000000000100000000000001001100000000000000000010000000000000000000000000000000000000000000000000000000
0000000000000000000000000000000000000000000000000000100000000000000001000000001000000000000000000010000100000000000000000000000000000000000001011000000000000000000100000000000000000000000000000000000000000000000000000000
0000000000000000000000000000000000000000000000000000100000000000000001000000001000000000000000000010000100000000000000000100000000000000000010010000000000000000000100000000000000000000000000000000000000000000000000000000
0000000000000000000000000000000000000000000000000000100000000000000001000000001000000000000000000000000100000000000000000100001000000000000010110000000000000001000100000000000000000000000000000000000000000000000000000000
0000000000000000000000000000000000000000000000000000101010000000000001000000001000000000000000000000000100000000000000000100001000000000000100100000000000001000000100000000000000000000000000000000000000000000000000000000
0000000000000000000000000000000000000000000000000000100000000000000001000000010000000000000000000010001000000000000000000000010000000000001100100000000000000000001000000000000000000000000000000000000000000000000000000000
0000000000000000000000000000000000000000000000000000100000000000000001000000001000000000000000000010001000000000000000000000010000000000001001000000000000000000001000000000000000000000000000000000000000000000000000000000
0000000000000000000000000000000000000000000000000000100000000000000001000000010000000000000000001010001000000000000000000000010000000000010011000000000000000000001000000000000000000000000000000000000000000000000000000000
0000000000000000000000000000000000000000000000000000100000000000000000000000001000000000000000001010001000000000000000000000010000000000010010000000000000000000001000000000000000000000000000000000000000000000000000000000
0000000000000000000000000000000000000000000000000000100000000000000000000000001000000000000010001000001000000000000000000000010000000000100100000000000000000110010000000000000000000000000000000000000000000000000000000000
0000000000000000000000000000000000000000000000000000100000000000000001000000010000000000000000001000001000000000000000000000100000000000101100000000000000001100010000000000000000000000000000000000000000000000000000000000
0000000000000000000000000000000000000000000000000000100000000000000001000000010000000000000000000000001000000000000000000000100000000000101000000000000000010000010000000000000000000000000000000000000000000000000000000000
0000000000000000000000000000000000000000000000000000100000000000000001000000100000000000010000000000010000000000000000000000100000000001001000000000000000100000010000000000000000000000000000000000000000000000000000000000
0000000000000000000000000000000000000000000000000001000000000000000001000000010000000000001000000000010000000000000000000000100000000001011000100000000001000000100000000000000000000000000000000000000000000000000000000000
0000000000000000000000000000000000000000000000000001000000000000000001000000010000000000000000000000010000000000000000000000100000000000010000010000000011000000100000000000000000000000000000000000000000000000000000000000
0000000000000000000000000000000000000000000000000000100000000000000001000000010000000000000000000000010000000000000000000000100000000010110000000000000000000000100000000000000000000000000000000000000000000000000000000000
0000000000000000000000000000000000000000000000000001000000000000000001000000100000000000000000000000010000000000000000000011000000000010100000000000000000000000100000000000000000000000000000000000000000000000000000000000
0000000000000000000000000000000000000000000000000001000000000000000000100000100000000000000000000010010000000000000000000110000000000100100000000000000000000001000000000000000000000000000000000000000000000000000000000000
0000000000000000000000000000000000000000000000000001000000000000000000100000100000000000000000001010100000000000000000000100000000000100100000000000000000000011000000000000000000000000000000000000000000000000000000000000
0000000000000000000000000000000000000000000000000001000000000000000000101000100000000000000000000010100000000000000000000100000000000001100000000000000000000010000000000000000000000000000000000000000000000000000000000000
0000000000000000000000000000000000000000000000000001000000000000000000101000100000000000000000000100100000000000000000000010000000000011000000000000000000000010000000000000000000000000000000000000000000000000000000000000
0000000000000000000000000000000000000000000000000001000000000000000000100000100000000000000000000100100000000000000000001000000000010010000000000000000000000100000000000000000000000000000000000000000000000000000000000000
0000000000000000000000000000000000000000000000000001000000000000000000100000100000000000000000000100100000000000000000001000000000010110000000000000000000000100000000000000000000000000000000000000000000000000000000000000
0000000000000000000000000000000000000000000000000001000000000000000000100000100000000000000000000101000000000000000000001000000000000100000000000000000000001000000000000000000000000000000000000000000000000000000000000000
0000000000000000000000000000000000000000000000000001000000000000000000100000100000000000000000000101000000000000000000010000000000001100000000000000000000001000000000000000000000000000000000000000000000000000000000000000
0000000000000000000000000000000000000000000000000001000000000000000000010000100000000000000000000101000000000000000000010000000001001000000000000000000000011000000000000000000000000000000000000000000000000000000000000000
0000000000000000000000000000000000000000000000000000111000000000000000010000100000000000000000001001010000000000000000010000000001001000000000000000000000010000000000000000000000000000000000000000000000000000000000000000
0000000000000000000000000000000000000000000000000001000000000000000000010000100000000000000000001000010000000000000000010000000000010000000000000000000000110000000000000000000000000000000000000000000000000000000000000000
0000000000000000000000000000000000000000000000000000100000000000000000010000100000000000000000101000010000000000000000010000000000110000000000000000000000100000000000000000000000000000000000000000000000000000000000000000
0000000000000000000000000000000000000000000000000000100000000000000000001000100000000000000000101100000000000000000001100000000000100000000000000000000000100000000000000000000000000000000000000000000000000000000000000000
0000000000000000000000000000000000000000000000000000011000000000000000001000100000000000000000000100000000000000000000010000000000100000000000000000000001100000000000000000000000000000000000000000000000000000000000000000
0000000000000000000000000000000000000000000000000000100000000000000000001000100000000000000000000000000000000000000000010000000001000000000000000000100001000000000000000000000000000000000000000000000000000000000000000000
0000000000000000000000000000000000000000000000000000100000000000000000001000101000000000000000000100000000000000000000011000011011000000000000000000100011000000000000000000000000000000000000000000000000000000000000000000
0000000000000000000000000000000000000000000000000000100000000000000000010000101000000000000000000000000000000000000000001100000010000000000000000000000010000000000000000000000000000000000000000000000000000000000000000000
0000000000000000000000000000000000000000000000000000100000000000000000010001000100000000000000000000000000000000000000000011111110000000000000000000000100000000000000000000000000000000000000000000000000000000000000000000
0000000000000000000000000000000000000000000000000000100000000000000000010001001100000000000000000000000000000000000000000000000100000000000000000000000100000000000000000000000000000000000000000000000000000000000000000000
0000000000000000000000000000000000000000000000000000100000000000000000010001000100000000000000000000000000000000000000000000000000000000000000000000001100000000000000000000000000000000000000000000000000000000000000000000
0000000000000000000000000000000000000000000000000001000000000000000000010000100100000000000000000000000000000000000000000000000000000000000000000000000000000000000000000000000000000000000000000000000000000000000000000000
0000000000000000000000000000000000000000000000000001000000000000000000010001101000000000000000000000000000000000000000000000000000000000000000000000111000000000000000000000000000000000000000000000000000000000000000000000
0000000000000000000000000000000000000000000000000000100000000000000000010001001000000000000000000000000000000000000000000000000000000000000000000001100000000000000000000000000000000000000000000000000000000000000000000000
0000000000000000000000000000000000000000000000000000100000000000000000010010010000000000000000000000000000000000000000000000000000000000000000000001000000000000000000000000000000000000000000000000000000000000000000000000
0000000000000000000000000000000000000000000000000001000000000000000000010000010010000000000000000000000000000000000000000000000000000000000000000001000000000000000000000000000000000000001111111111000000000000000000000000
0000000000000000000000000000000000000000000000000001000000000000000000010000001001000000000000000000000000000000000000000000000000000000000000000000100000000000000000000000000000000011110000000001110000000000000000000000
0000000000000000000000000000000000000000000000000001000000000000000000110000000000000000000000000000000000000000000000000000000000000000000000000000100000000000000000000000000000000110000000000000010000000000000000000000
0000000000000000000000000000000000000000000000000001000000000000000001100000001000000000000000000000000000000000000000000000000000000000000000000010000000000000000000000000000000011100000000000000011000000000000000000000
0000000000000000000000000000000000000000000000000001000000000000000111000000000000000000000000000000000000000000000000000000000000000000000000000010000000000000000000000000000000110000000000000000001100000000000000000000
0000000000000000000000000000000000000000000000000001000000001010001100000000000000000000000000000000000000000000000100000000000000000000000000000100000000000000000000000000000011100000000000000000000100000000000000000000
0000000000000000000000000000000000000000000000000001000000011000000000110000000000000000000000000000000000000000000000000000000000000000000000000100000000000000000000000000000110000000000001111111100100000000000000000000
0000000000000000000000000000000000000000000000000001001101110000000000000000000000000000000000000000000000000000000000000000000000000000000000000100000000000000000000000000001100000000000111000000000100000000000000000000
0000000000000000000000000000000000000000000000000001001011000000000000000000000000000000000000000000000000000000000000000000000000000000000000000100000000000000000000000000011000000100011100000000000100000000000000000000
0000000000000000000000000000000000000000000000000001000000000000000000000000000000000000000000000000000000000000000000000000000000000000000000000100000000000000000000000000010000000001100000000000010100000000000000000000
0000000000000000000000000000000000000000000000000000100000000000000000000000000000000000000000000000000000000000000000000000000000000000000000001000000000000000000000000001110000000000000000000000010000000000000000000000
0000000000000000000000000000000000000000000000000001000000000000000000000100000000000000000000000000000000000000000000000000000000000000000000001010000000000000000000000011000000000000000000000000110000000000000000000000
0000000000000000000000000000000000000000000000000001000000000000000000000100000000000000000000000000000000000000000000000000000000000000000000001010000000000000000000000110000000000000000000000001100000000000000000000000
0000000000000000000000000000000000000000000000000010000000000000000000001100000000000000000000000000000000000000000000000000000000000000000000001000000000000000000000001100000000000000000000000011000000000000000000000000
0000000000000000000000000000000000000000000000000010000000000000000000000000000000000000000000000000000000000000000000000000000000000000000000001000000000000000000000011000000000000000000000000110000000000000000000000000
0000000000000000000000000000000000000000000000000010000000000000000000000000000000000000000000000000000000000000000000000000000000000000000000001000000000000000000000010000000000000000000000001100000000000000000000000000
0000000000000000000000000000000000000000000000000010000000000000000000000000000000000000000000000000000000000000000000000000000000000000000000010000000000000000000000100000000000000000000000011000000000000000000000000000
0000000000000000000000000000000000000000000000000010000000000000000000000000000000000000000000000000000000000000000000000000000000000000000000010000000000000000000001100000000000000000000000110000000000000000000000000000
0000000000000000000000000000000000000000000000000100000000000000000000000000000000000000000000000000000000000000000000000000000000000000000000010000000000000000000011000000000000000000100001100000000000000000000000000000
0000000000000000000000000000000000000000000000000100000000000000000000000000000000000000000000000000000000000000000000000000000000000000000000010000000000000000000110000000000000000000100001000000000000000000000000000000
0000000000000000000000000000000000000000000000000100000000000000000000000000000000000000000000000000000000000000000000000000000000000000000000010000000000000000000100000000000000000001000111000000000000000000000000000000
0000000000000000000000000000000000000000000000000100000000000000000000000000000000000000000000000000000000000000000000000000000000000000000000010000000000000000001100000000000000000001001100000000000000000000000000000000
0000000000000000000000000000000000000000000000000100000000000000000000000000000000000000000000000000000000000000000000000000000000000000000000010000000000000000011000000000000000000011001000000000000000000000000000000000
0000000000000000000000000000000000000000000000001000000000000000000000000000000000000000000000000000000000000000000000000000000000000000000000010000000000000000010000000000000000000110011000000000000000000000000000000000
0000000000000000000000000000000000000000000000001000000000000000000000000000000000000000000000000000000000000000000000000000000000000000000000100000000000000000110000000000000000000000010000000000000000000000000000000000
0000000000000000000000000000000000000000000000001000000000000000000000000000000000000000000000000000000000000000000000000000000000000000000000100000000000000001100000000000000000000110111000000000000000000000000000000000
0000000000000000000000000000000000000000000000001000000000000000000000000000000000000000000000000000000000000000000000000000010000000000000000100000000000000001000000000000000000011100000000000000000000000000000000000000
0000000000000000000000000000000000000000000000001000000000000000000000000000000000000000000000000000000000000000000000000000110000000000000000010000000000000001000000000000000011110001000000000000000000000000000000000000
0000000000000000000000000000000000000000000000001000000000000000000000000000000000000000000000000000000000000000000000000011100000000000000000010000000000000011000000000000000110000101000000000000000000000000000000000000
0000000000000000000000000000000000000000000000001000000000000000000000000000000000000000000000000000000000000000000000000010000000000000100000010010000000000110000000000000000000000011000000000000000000000000000000000000
0000000000000000000000000000000000000000000000001000000000000000000000000000000000000000000000000000000000000000000000000000000000000000000000010010000000000100000000000000000000000010000000000000000000000000000000000000
0000000000000000000000000000000000000000000000001000000000000000000000000000000000000000000000000000000000000000000000000000000000000000000000001000000000001100000000000000100010000110000000000000000000000000000000000000
0000000000000000000000000000000000000000000000010000000000000000000000000000000000000000000000000000000000000000000000000000000000000000000000001000000000011000000000000000000010001100000000000000000000000000000000000000
0000000000000000000000000000000000000000000000010000000000000000000000000000000000000000000000000000000000000000000000000000000000000000001100001000000000010000000000000000000000011000000000000000000000000000000000000000
0000000000000000000000000000000000000000000000010000000000000000000000000000000000000000000000000000000000000000000000000000000000000001110011100100000000100000000000000000000000110000000000000000000000000000000000000000
0000000000000000000000000000000000000000000000010000000000000000000000000000000000000000000000000000000000000000000000000000000000000001000000110100000001100000000000000000100001100000000000000000000000000000000000000000
0000000000000000000000000000000000000000000000010000000000000000000000000000000000000000000000000000000000000000000000000000000000000000000100010010000001001000000000000111100001000000000000000000000000000000000000000000
0000000000000000000000000000000000000000000000010010000000000000000000000000000000000000000000000000000000000000000000000000000000000000000000010110000011000000000000000000000011000000000000000000000000000000000000000000
0000000000000000000000000000000000000000000000010010000000000000000000000000000000000000000000000000000000000000000000000000000000000000010000011010000110000000000000000001000110000000000000000000000000000000000000000000
0000000000000000000000000000000000000000000000010000000000000000000000000000000000000000000000000000000000000000000000000000000000000000011100011010000100000000000000000011000100000000000000000000000000000000000000000000
0000000000000000000000000000000000000000000000010000000000000000000000000000000000000000000000000000000000000000000000000000000000000000000000010001011100000000000000000110001100000000000000000000000000000000000000000000
0000000000000000000000000000000000000000000000010000000000000000000000000000000000000000000000000000000000000000000000000000000000000000000000010001100000000000000000000100011000000000000000000000000000000000000000000000
0000000000000000000000000000000000000000000000010000000000000000000000000000000000000000000000000000000000000000000000000000000000000000000000001010000000000000000000000100010000000000000000000000000000000000000000000000
0000000000000000000000000000000000000000000000010000000000000000000000000000000000000000000000000000000000000000000000000000000000000000000000001100000000000000000000000100000000000000000000000000000000000000000000000000
0000000000000000000000000000000000000000000000010000000000000000000000000000000000000000000000000000000000000000000000000000000000000000000000000000000000000000000000001100000000000000000000000000000000000000000000000000
0000000000000000000000000000000000000000000000010000000000000000000000000000000000000000000000000000000000000000000000000000000000000000000000000001111100000000000000000000000000000000000000000000000000000000000000000000
0000000000000000000000000000000000000000000000010000000000000000000000000000000000000000000000000000000000000000000000000000000000000000000000011000000100000000000000000000100000000000000000000000000000000000000000000000
0000000000000000000000000000000000000000000000010000000000000000000000000000000000000000000000000000000000000000000000000000000000000000000111110000000010000000000000000000100000000000000000000000000000000000000000000000
0000000000000000000000000000000000000000000000010000000000000000000000000000000000000000000000000000000000000000000000000000000000000000000010000000000000000000000000000000000000000000000000000000000000000000000000000000
0000000000000000000000000000000000000000000000010000000000000000000000000000000000000000000000000000000000000000000000000000000000000000000000000000000000000000000000000000000000000000000000000000000000000000000000000000
0000000000000000000000000000000000000000000000001000000000000000000000000000000000000000000000000000000000000000000000000000000000001111111110000000000000000000000000000000000000000000000000000000000000000000000000000000
0000000000000000000000000000000000000000000000001000000000000000000000000000000000000000000000000000000000000000000000000000000000000000000000110111110000000000000000000000000000000000000000000000000000000000000000000000
0000000000000000000000000000000000000000000000001000000000000000000000000000000000000000000000000000000000000000000000000000000000000000001111000000001000000000000000000000000000000000000000000000000000000000000000000000
0000000000000000000000000000000000000000000000001000000000000000000000000000000000000000000000000000000000000000000000000000000000000011110000000000001000000000000000000000000000000000000000000000000000000000000000000000
0000000000000000000000000000000000000000000000001000000000000000000000000000000000000000000000000000000000000000000000000000000000000000000000000000001000000000000000000000000000000000000000000000000000000000000000000000
0000000000000000000000000000000000000000000000001000000000000000000000000000000000000000000000000000000000000000000000000000000000000000000000000000001100000000000000000000000000000000000000000000000000000000000000000000
0000000000000000000000000000000000000000000000001000000000000000000000000000000000000000000000000000000000000000000000000000000000000000000000000000000110000000000000000000000000000000000000000000000000000000000000000000
0000000000000000000000000000000000000000000000000100000000000000000000000000000000000000000000000000000000000000000000000000000000000000000000000000000010000000000000000000000000000000000000000000000000000000000000000000
0000000000000000000000000000000000000000000000000100000000000000000000000000000000000000000000000000000000000000000000000000000000000000000000000000000000000000000000001000000000000000000000000000000000000000000000000000
0000000000000000000000000000000000000000000000000100000000000000000000000000000000000000000000000000000000000000000000000000000000000000000000000000000000000000000000110000000000000000000000000000000000000000000000000000
0000000000000000000000000000000000000000000000000100000000000000000000000000000000000000000000000000000000000000000000000000000000000000000000000000000000000000000000100000000000000000000000000000000000000000000000000000
0000000000000000000000000000000000000000000000000100000000000000000000000000000000000000000000000000000000000000000000000000000000000000000000000000000000000000000001000000000000000000000000000000000000000000000000000000
0000000000000000000000000000000000000000000000000100000000000000000000000000000000000000000000000000000000000000000000000000000000000000000000000000000000000000000001000000000000000000000000000000000000000000000000000000
0000000000000000000000000000000000000000000000000100000000000000000000000000000000000000000000000000000000000000000000000000000000000000000000000000000000000000000010000000000000000000000000000000000000000000000000000000
0000000000000000000000000000000000000000000000000010000000000000000000000000000000000000000000000000000000000000000000000000000000000000000000000000000000000000000010000000000000000000000000000000000000000000000000000000
0000000000000000000000000000000000000000000000000010000000000000000000000000000000000000000000000000000000000000000000000000000000000000000000000000000000000000000110000000000000000000000000000000000000000000000000000000
0000000000000000000000000000000000000000000000000001000000000000000000000000000000000000000000000000000000000000000000000000000000000000000000000000000000000000000100000000000000000000000000000000000000000000000000000000
0000000000000000000000000000000000000000000000000001000000000000000000000000000000000000000000000000000000000000000000000000000000000000000000000000000000000000001100000000000000000000000000000000000000000000000000000000
0000000000000000000000000000000000000000000000000001000000000000000000000000000000000000000000000000000000000000000000000000000000000000000000000000000000000000011000000000000000000000000000000000000000000000000000000000
0000000000000000000000000000000000000000000000000001000000000000000000000000000000000000000000000000000000000000000000000000000000000000000000000000000000000000110000000000000000000000000000000000000000000000000000000000
0000000000000000000000000000000000000000000000000001000000000000000000000000000000000000000000000000000000000000000000000000000000000000000000000000000000000000100000000000000000000000000000000000000000000000000000000000
0000000000000000000000000000000000000000000000000000100000000000000000000000000000000000000000000000000000000000000000000000000000000000000000000000000000000001100000000000000000000000000000000000000000000000000000000000
0000000000000000000000000000000000000000000000000000100000000000000000000000000000000000000000000000000000000000000000000000000000000000000000000000000000000011000000000000000000000000000000000000000000000000000000000000
0000000000000000000000000000000000000000000000000000100000000000000000000000000000000000000000000000000000000000000000000000000000000000000000000000000000000110000000000000000000000000000000000000000000000000000000000000
0000000000000000000000000000000000000000000000000000010000000000000000000000000000000000000000000000000000000000000000000000000000000000000000000000000000001100000000000000000000000000000000000000000000000000000000000000
0000000000000000000000000000000000000000000000000000010000000000000000000000000000000000000000000000000000000000000000000000000000000000000000000000000000011000000000000000000000000000000000000000000000000000000000000000
0000000000000000000000000000000000000000000000000000010000000000000000000000000000000000000000000000000000000000000000000000000000000000000000000000000000010000000000000000000000000000000000000000000000000000000000000000
0000000000000000000000000000000000000000000000000000001000000000000000000000000000000000000000000000000000000000000000000000000000000000000000000000000000110000000000000000000000000000000000000000000000000000000000000000
0000000000000000000000000000000000000000000000000000001000000000000000000000000000000000000000000000000000000000000000000000000000000000000000000000000001100000000000000000000000000000000000000000000000000000000000000000
0000000000000000000000000000000000000000000000000000000100000000000000000000000000000000000000000000000000000000000000000000000000000000000000000000000001000000000000000000000000000000000000000000000000000000000000000000
0000000000000000000000000000000000000000000000000000000100000000000000000000000000000000000000000000000000000000000000000000000000000000000000000000000011000000000000000000000000000000000000000000000000000000000000000000
0000000000000000000000000000000000000000000000000000000100000000000000000000000000000000000000000000000000000000000000000000000000000000000000000000000110000000000000000000000000000000000000000000000000000000000000000000
0000000000000000000000000000000000000000000000000000000100000000000000000000000000000000000000000000000000000000000000000000000000000000000000000000001100000000000000000000000000000000000000000000000000000000000000000000
0000000000000000000000000000000000000000000000000000000010000000000000000000000000000000000000000000000000000000000000000000000000000000000000000000001000000000000000000000000000000000000000000000000000000000000000000000
0000000000000000000000000000000000000000000000000000000010000000000000000000000000000000000000000000000000000000000000000000000000000000000000000000011000000000000000000000000000000000000000000000000000000000000000000000
0000000000000000000000000000000000000000000000000000000010000000000000000000000000000000000000000000000000000000000000000000000000000000000000000000110000000000000000000000000000000000000000000000000000000000000000000000
0000000000000000000000000000000000000000000000000000000010000000000000000000000000000000000000000000000000000000000000000000000000000000000000000001100000000000000000000000000000000000000000000000000000000000000000000000
0000000000000000000000000000000000000000000000000000000001000000000000000000000000000000000000000000000000000000000000000000000000000000000000000011000000000000000000000000000000000000000000000000000000000000000000000000
0000000000000000000000000000000000000000000000000000000001000000000000000000000000000000000000000000000000000000000000000000000000000000000000000110000000000000000000000000000000000000000000000000000000000000000000000000
0000000000000000000000000000000000000000000000000000000010000000000000000000000000000000000000000000000000000000000000000000000000000000000000000100000000000000000000000000000000000000000000000000000000000000000000000000
0000000000000000000000000000000000000000000000000000000010000000000000000000000000000000000000000000000000000000000000000000000000000000000000001100000000000000000000000000000000000000000000000000000000000000000000000000
0000000000000000000000000000000000000000000000000000000010000000000000000000000000000000000000000000000000000000000000000000000000000000000000011000000000000000000000000000000000000000000000000000000000000000000000000000
0000000000000000000000000000000000000000000000000000000010000000000000000000000000000000000000000000000000000000000000000000000000000000000000110000000000000000000000000000000000000000000000000000000000000000000000000000
0000000000000000000000000000000000000000000000000000000010000000000000000000000000000000000000000000000000000000000000000000000000000000000000100000000000000000000000000000000000000000000000000000000000000000000000000000
0000000000000000000000000000000000000000000000000000000010000000000000000000000000000000000000000000000000000000000000000000000000000000000001100000000000000000000000000000000000000000000000000000000000000000000000000000
0000000000000000000000000000000000000000000000000000000010000000000000000000000000000000000000000000000000000000000000000000000000000000000011000000000000000000000000000000000000000000000000000000000000000000000000000000
0000000000000000000000000000000000000000000000000000000100000000000000000000000000000000000000000000000000000000000000000000000000000000000110000000000000000000000000000000000000000000000000000000000000000000000000000000
0000000000000000000000000000000000000000000000000000000100000000000000000000000000000000000000000000000000000000000000000000000000000000001100000000000000000000000000000000000000000000000000000000000000000000000000000000
0000000000000000000000000000000000000000000000000000000100000000000000000000000000000000000000000000000000000000000000000000000000000000111000000000000000000000000000000000000000000000000000000000000000000000000000000000
0000000000000000000000000000000000000000000000000000000100000000000000000000000000000000000000000000000000000000000000000000000000000001100000000000000000000000000000000000000000000000000000000000000000000000000000000000
0000000000000000000000000000000000000000000000000000000100000000000000000000000000000000000000000000000000000000000000000000000000000001000000000000000000000000000000000000000000000000000000000000000000000000000000000000
0000000000000000000000000000000000000000000000000000001000000000000000000000000000000000000000000000000000000000000000000000000000000110000000000000000000000000000000000000000000000000000000000000000000000000000000000000
0000000000000000000000000000000000000000000000000000001000000000000000000000000000000000000000000000000000000000000000000000000000011100000000000000000000000000000000000000000000000000000000000000000000000000000000000000
0000000000000000000000000000000000000000000000000000010000000000000000000000000000000000000000000000000000000000000000000000000001110000000000000000000000000000000000000000000000000000000000000000000000000000000000000000
