0000000000000000000000000000000000000000000000000000000000000000000000000000000000000000000000000000000000000000000000000000000000000000000000000000000000000000000000000000000000000000000000000000000000000000000000000000
0255255255255255255255255255255255255255255255255255255255255255255255255255255255255255255255255255255255255255255255255255255255255255255255255255255255255255255255255255255255255255255255255255255255255255255255255255255255255255255255255255255255255255255255255255255255255255255255255255255255255255255255255255255255255255255255255255255255255255255255255255255255255255255255255255255255255255255255255255255255255255255255255255255255255255255255255255255255255255255255255255255255255255255255255255255255255255255255255255255255255255255255255255255255255255255255255255255255255255255255255255255255255255255255255255255255255255255255255255255255
0255000000000000000000000000000000000000000000000000000000000000000000000000000000000000000000000000000000000000000000000000000000000000000000000000000000000000000000000000000002550000000000000000000000000000000000000000000255
02550000000000000000000000000000000000000000000000000000000000000000000000000000000000000000000000000000000000000000000000000000000000000000000000000000000000000000000000000000000000000000000000000000000000000000000000000255
0255000000000000000000000000000000000000000000000000000000000000000000000000000000000000000000000000000000000000000000000000000000000000000000000000000000000000000000000000000002550000000000000000000000000000000000000000000255
0255000000000000000000000000000000000000000000000000000000000000000000000000000000000000000000000000000000000000000000000000000000000000000000000000000000000000000000000000000002550000000000000000000000000000000000000000000255
0255000000000000000000000000000000000000000000000000000000000000000000000000000000000000000000000025525525525525500000000000000000000000000000000000000000000000000000000000000000000000000255025500000000000000000000000000000000000000000255
025500000000000000000000000000000000000000000000000000000000000000000000000000000000000000000002552552550000025525525525500000000000000000000000000000000000000000000000000000000000000000000002550000000000000000000000000000000000000000000255
025500000000000000000000000000000000000000000000000000000000000000000000000000000000000000000255255255000000000025525500000000000000000000000000000000000000000000000000000000000000000000000000000000000000000000000000000000000000000255
0255000000000000000000000000000000000000000000000000000000000000000000000000000000000000000025525500000000000002552550000000000000000000000000000000000000000000000000000000000000000000000000000000000000000000000000000000000000000255
0255000000000000000000000000000000000000000000000000000000000000000000000000000000000000000255255000000000000000255255000000000000000000000000000000000000000000000000000000000000000000000000000000000000000000000000000000000000000255
0255000000000000000000000000000000000000000000000000000000000000000000000000000000000000002552550000000000000000025500000000000000000000000000000000000000000000000000000000000000000002550000000000000000000000000000000000000000000255
025500000000000000000000000000000000000000000000000000000000000000000000000000000000000000255000000000000000000025500000000000000000000000000000000000000000000000000000000000000000000000000000000000000000000000000000000000000255
02550000000000000000000000000000000000000000000000000000000000000000000000000000000000000255255000000000000000000025500000000000000000000000000000000000000000000000000000000000000000000000000000000000000000000000000000000000000255
025500000000000000000000000000000000000000000000000000000000000000000000000000000000000002550000000000000000000025500000000000000000000000000000000000000000000000000000000000000000000000000000000000000000000000000000000000000255
025500000000000000000000000000000000000000000000000000000000000000000000000000000000000002550000000000000000000002550000000000000000000000000000000000000000000000000000000000000000000000000000000000000000000000000000000000000255
025500000000000000000000000000000000000000000000000000000000000000000000000000000000000002550000000000000000000002550000000000000000000000000000000000000000000000000000000000000000000000000000000000000000000000000000000000000255
025500000000000000000000000000000000000000000000000000000000000000000000000000000000000002550000000000000000000002550000000000000000000000000000000000000000000000000000000000000000000000000000000000000000000000000000000000000255
025500000000000000000000000000000000000000000000000000000000000000000000000000000000000002550000000000000000000002550000000000000000000000000000000000000000000000000000000000000000000000000000000000000000000000000000000000000255
02550000000000000000000000000000000000000000000000000000255255255255000000000000000000000000000002550000000000000000000002550000000000000000000000000000000000000000000000000000000000000000000000000000000000000000000000000000000000000255
02550000000000000000000000000000000000000000000000002552552552550000255255255000000000000000000000000000255000000000000000000002550000000000000000000000000000000000000000000000000000000000000000000000000000000000000000000000000000000000000255
0255000000000000000000000000000000000000000000000002552550000000002552552550000000000000000000000000255000000000000000000000255000000000000000000000000000000000000000000000000000000000000000000000000000000000000000000000000000000000000255
02550000000000000000000000000000000000000000000000255255000000000000255255000000000000000000000000255000000000000000000000255000000000000000000000000000000000000000000000000000000000000000000000000000000000000000000000000000000000000255
02550000000000000000000000000000000000000000000002552550000000000000025525500000000000000000000000255000000000000000000000255000000000000000000000000000000000000000000000000000000000000000000000000000000000000000000000000000000000000255
025500000000000000000000000000000000000000000000025500000000000000002552550000000000000000000000255000000000000000000000255000000000000000000000000000000000000000000000000000000000000000000000000000000000000000000000000000000000000255
025500000000000000000000000000000000000000000000255255000000000000000002550000000000000000000000255000000000000000000000255000000000000000000000000000002552552550000000000000000000000000000000000000000000000000000000000000000000000000000255
02550000000000000000000000000000000000000000000025500000000000000000025525500000000000000000000002550000000000000000000002550000000000000000000000002552552552550002552552550000000000000000000000000000000000000000000000000000000000000000000000000255
02550000000000000000000000000000000000000000000025500000000000000000002550000000000000000000000255000000000000000000000255000000000000000000000002552550000000002552552550000000000000000000000000000000000000000000000000000000000000000000000255
02550000000000000000000000000000000000000000000025500000000000000000002550000000000000000000000255000000000000000000000255000000000000000000000255255255000000000000255255000000000000000000000000000000000000000000000000000000000000000000000255
0255000000000000000000000000000000000000000000002550000000000000000000255000000000000000000000025500000000000000000000025500000000000000000000025500000000000000025525500000000000000000000000000000000000000000000000000000000000000000000255
025500000000000000000000000000000000000000000002550000000000000000000002550000000000000000000002550000000000000000000002550000000000000000000025525500000000000000002552550000000000000000000000000000000000000000000000000000000000000000000255
02550000000000000000000000000000000000000000000255000000000000000000000255000000000000000000000255000000000000000000000255000000000000000000002550000000000000000002550000000000000000000000000000000000000000000000000000000000000000000255
02550000000000000000000000000000000000000000000255000000000000000000000255000000000000000000000255000000000000000000000025500000000000000000002550000000000000000002550000000000000000000000000000000000000000000000000000000000000000000255
02550000000000000000000000000000000000000000000255000000000000000000000255000000000000000000000255000000000000000000000025500000000000000000025500000000000000000000255000000000000000000000000000000000000000000000000000000000000000000255
0255000000000000000000000000000000000000000000002550000000000000000000002550000000000000000000025500000000000000000000002550000000000000000002550000000000000000000025500000000000000000000000255000000000000000000000000000000000000000000255
0255000000000000000000000000000000000000000000002550000000000000000000002550000000000000000000025500000000000000000000002550000000000000000000255000000000000000000025500000000000000000000000255000000000000000000000000000000000000000000255
02550000000000000000000000000000000000000000000025500000000000000000000025500000000000000000000025500000000000000000000025500000000000000000002550000000000000000000255000000000000000000000000000000000000000000000000000000000000000000255
02550000000000000000000000000000000000000000000025500000000000000000000025500000000000000000000025500000000000000000000025500000000000000000002550000000000000000000255000000000000000000000000000000000000000000000000000000000000000000255
02550000000000000000000000000000000000000000000025500000000000000000000002550000000000000000000025500000000000000000000025500000000000000000002550000000000000000000255000000000000000000000000000000000000000000000000000000000000000000255
02550000000000000000000000000000000000000000000025500000000000000000000002550000000000000000000025500000000000000000000002550000000000000000002550000000000000000000255000000000000000000000000000000000000000000000000000000000000000000255
02550000000000000000000000000000000000000000000025500000000000000000000002550000000000000000000025500000000000000000000002550000000000000000002550000000000000000000255000000000000000000000000000000000000000000000000000000000000000000255
02550000000000000000000000000000000000000000000025500000000000000000000002550000000000000000000025500000000000000000000002550000000000000000002550000000000000000000025500000000000000000000000000000000000000000000000000000000000000000255
02550000000000000000000000000000000000000000000025500000000000000000000002550000000000000000000002550000000000000000000002550000000000000000002550000000000000000000025500000000000000000000000000000000000000000000000000000000000000000255
02550000000000000000000000000000000000000000000002550000000000000000000000255000000000000000000002550000000000000000000002550000000000000000002550000000000000000000025500000000000000000000000000000000000000000000000000000000000000000255
02550000000000000000000000000000000000000000000002550000000000000000000000255000000000000000000002550000000000000000000002550000000000000000002550000000000000000000025500000000000000000000000000000000000000000000000000000000000000000255
02550000000000000000000000000000000000000000000002550000000000000000000000255000000000000000000002550000000000000000000002550000000000000000002550000000000000000000025500000000000000000000000000000000000000000000000000000000000000000255
02550000000000000000000000000000000000000000000002550000000000000000000000255000000000000000000002550000000000000000000002550000000000000000025500000000000000000000025500000000000000000000000000000000000000000000000000000000000000000255
02550000000000000000000000000000000000000000000002550000000000000000000000025500000000000000000002550000000000000000000002550000000000000000025500000000000000000000025500000000000000000000000000000000000000000000000000000000000000000255
02550000000000000000000000000000000000000000000002550000000000000000000000025500000000000000000002550000000000000000000000255000000000000000025500000000000000000000025500000000000000000000000000000000000000000000000000000000000000000255
02550000000000000000000000000000000000000000000002550000000000000000000000025500000000000000000002550000000000000000000000255000000000000000025500000000000000000000025500000000000000000000000000000000000000000000000000000000000000000255
02550000000000000000000000000000000000000000000002550000000000000000000000025500000000000000000002550000000000000000000000255000000000000000025500000000000000000000025500000000000000000000000000000000000000000000000000000000000000000255
02550000000000000000000000000000000000000000000002550000000000000000000000025500000000000000000000255000000000000000000000255000000000000000025500000000000000000000025500000000000000000000000000000000000000000000000000000000000000000255
02550000000000000000000000000000000000000000000002550000000000000000000000025500000000000000000000255000000000000000000000255000000000000000025500000000000000000000025500000000000000000000000000000000000000000000000000000000000000000255
02550000000000000000000000000000000000000000000000255000000000000000000000025500000000000000000000255000000000000000000000255000000000000000025500000000000000000000025500000000000000000000000000000000000000000000000000000000000000000255
0255000000000000000000000000000000000000000000000025500000255000000000000000002550000000000000000000255000000000000000000000025500000000000000025500000000000000000000025500000000000000000000000000000000000000000000000000000000000000000255
02550000000000000000000000000000000000000000000000255000002552550000000000000000255000000000000000000025500000000000000000000002550000000000000002550000000000000000000025500000000000000000000000255000000000000000000000000000000000000000000255
0255000000000000000000000000000000000000000000000025500000000000000000000000255000000000000000000025500000000000000000000002550000000000000002550000000000000000000025500000000000000000000000255000000000000000000000000000000000000000000255
02550000000000000000000000000000000000000000000000255000000000000000000000002550000000000000000000255000000000000000000000025500000000000000025500000000000000000000255000000000000000000000000000000000000000000000000000000000000000000255
02550000000000000000000000000000000000000000000000025500000000000000000000002550000000000000000000255000000000000000000000025500000000000000025500000000000000000000255000000000000000000000000000000000000000000000000000000000000000000255
02550000000000000000000000000000000000000000000000025500000000000000000000000255000000000000000000255000000000000000000000025500000000000000025500000000000000000000255000000000000000000000000000000000000000000000000000000000000000000255
02550000000000000000000000000000000000000000000000025500000000000000000000000255000000000000000000255000000000000000000000025500000000000000025500000000000000000000255000000000000000000000000000000000000000000000000000000000000000000255
02550000000000000000000000000000000000000000000000025500000000000000000000000255000000000000000000255000000000000000000000002550000000000000025500000000000000000000255000000000000000000000000000000000000000000000000000000000000000000255
02550000000000000000000000000000000000000000000000025500000000000000000000000255000000000000000000255000000000000000000000002550000000000000025500000000000000000000255000000000000000000000000000000000000000000000000000000000000000000255
02550000000000000000000000000000000000000000000000025500000000000000000000000025500000000000000000255000000000000000000000002550000000000000025500000000000000000000255000000000000000000000000000000000000000000000000000000000000000000255
02550000000000000000000000000000000000000000000000025500000000000000000000000025500000000000000000255000000000000000000000002550000000000000025500000000000000000000255000000000000000000000000000000000000000000000000000000000000000000255
02550000000000000000000000000000000000000000000000025500000000000000000000000025500000000000000000255000000000000000000000000255000000000000025500000000000000000000255000000000000000000000000000000000000000000000000000000000000000000255
02550000000000000000000000000000000000000000000000025500000000000000000000000025500000000000000000025500000000000000000000000255000000000000025500000000000000000000255000000000000000000000000000000000000000000000000000000000000000000255
02550000000000000000000000000000000000000000000000025500000000000000000000000002550000000000000000025500000000000000000000000255000000000000025500000000000000000000255000000000000000000000000000000000000000000000000000000000000000000255
02550000000000000000000000000000000000000000000000025500000000000000000000000002550000000000000000025500000000000000000000000025500000000000025500000000000000000000255000000000000000000000000000000000000000000000000000000000000000000255
02550000000000000000000000000000000000000000000000025500000000000000000000000002550000000000000000025500000000000000000000000025500000000000025500000000000000000000255000000000000000000000000000000000000000000000000000000000000000000255
02550000000000000000000000000000000000000000000000002550000000000000000000000000255000000000000000025500000000000000000000000025500000000000025500000000000000000000255000000000000000000000000000000000000000000000000000000000000000000255
0255000000000000000000000000000000000000000000000000255000000000000000000000000025500000000000000002550000000000000000000000000255000000000002550000000000000000000025500000000000000000000000000000000000000000000000000000255000000000000255
0255000000000000000000000000000000000000000000000002550000000000000000000000000002550000000000000002550000000000000000000000000255000000000002550000000000000000000025500000000000000000000000000000000000000000000000002552552552550255255255000000000255
025500000000000000000000000000000000000000000000000255000000000000000000000000000255000000000000000255000000000000000000000000025500000000000255000000000000000000002550000000000000000000000000000000000000000000000025525525500000002552550000000255
0255000000000000000000000000000000000000000000000000255000000000000000000000000002550000000000000002550000000000000000000000000255000000000002550000000000000000000025500000000000000000000000000000000000000000000002552550000000000255255000000255
0255000000000000000000000000000000000000000000000000255000000000000000000000000002550000000000000002550000000000000000000000000255000000000002550000000000000000000025500000000000000000000000000000000000000000000025525500000000000025525500000255
02550000000000000000000000000000000000000000000000002550000000000000000000000000002550000000000000025500000000000000000000000000255000000000255000000000000000000000255000000000000000000000000000000000000000000002552550000000000000025500000255
025500000000000000000000000000000000000000000000000025500000000000000000000000000025500000000000000255000000000000000000000000002550000000002550000000000000000000002550000000000000000000000000000000000000000000025500000000000000025500000255
02550000000000000000000000000000000000000000000000002550000000000000000000000000000255000000000000025500000000000000000000000000255000000000255000000000000000000000255000000000000000000000000000000000000000000025525500000000000000002550000255
02550000000000000000000000000000000000000000000000002550000000000000000000000000000255000000000000025500000000000000000000000000255000000000255000000000000000000000255000000000000000000000000000000000000000000255255000000000000000002550000255
025500000000000000000000000000000000000000000000000025500000000000000000000000000002550000000000000025500000000000000000000000002550000000002550000000000000000000002550000000000000000000000000000000000000000002550000000000000000002550000255
02550000000000000000000000000000000000000000000000002550000000000000000000000000000025500000000000002550000000000000000000000000025500000000255000000000000000000000255000000000000000000000000000000000000000002552550000000000000000002550000255
025500000000000000000000000000000000000000000000000002550000000000000000000000000000255000000000000025500000000000000000000000000255000000025500000000000000000000002550000000000000000000000000000000000000000025500000000000000000002550000255
0255000000000000000000000000000000000000000000000000025500000000000000000000000000002550000000000000255000000000000000000000000002550000000255000000000000000000000025500000000000000000000000000000000000000002552550000000000002550000002550000255
0255000000000000000000000000000000000000000000000000025500000000000000000000000000002550000000000000255000000000000000000000000002550000000255000000000000000000000025500000000000000000000000000000000000000002550000000002552550000000002550000255
02550000000000000000000000000000000000000000000000000255000000000000000000000000000002550000000000000255000000000000000000000000025500000002550000000000000000000000255000000000000000000000000000000000000000255255000000255255255000000000025500000255
02550000000000000000000000000000000000000000000000000025500000000000000000000000000002550025500000000002550000000000000000000000000255000000255000000000000000000000002550000000000000000000000000000000000000025525500000025525500000000000025500000255
025500000000000000000000000000000000000000000000000000255000000000000000000000000000002550000000000002550000000000000000000000000255000000255000000000000000000000002550000000000000000000000000000000000000025500000000000000000000255000000255
02550000000000000000000000000000000000000000000000000025500000000000000000000000000000255000000000000255000000000000000000000000025500000025500000000000000000000000255000000000000000000000000000000000000025525500000000000000000000255000000255
02550000000000000000000000000000000000000000000000000002550000000000000000000000000000255000000000000255000000000000000000000000025500000025500000000000000000000000255000000000000000000000000000000000000255255000000000000000000002550000000255
02550000000000000000000000000000000000000000000000000002550000000000000000000000000000255000000000000255000000000000000000000000025500000025500000000000000000000000255000000000000000000000000000000000000255000000255000000000000002550000000255
02550000000000000000000000000000000000000000000000000002550000000000000000000000000000255000000000000025500000000000000000000000025500000025500000000000000000000000255000000000000000000000000000000000002552550000025525500000000000002552550000000255
0255000000000000000000000000000000000000000000000000000255000000000000000000000000000002550000000000002550000000000000000000000002550000002550000000000000000000000025500000000000000000000000000000000000255000002552550000000000000025500000000255
02550000000000000000000000000000000000000000000000000000255000000000000000000000000000025500000000000025500000000000000000000000025500000255000000000000000000000000255000000000000000000000000000000000025525500002552550000000000000025525500000000255
025500000000000000000000000000000000000000000000000000002550000000000000000000000000000255000000000000255000000000000000000000000255000002550000000000000000000000002550000000000000000000000000000000000255000000000000000000000255000000000255
0255000000000000000000000000000000000000000000000000000025500000000000000000000000000002550000000000002550000000000000000000000002550000025500000000000000000000000025500000000000000000000000000000000025525500000000000000000000255255000000000255
02550000000000000000000000000000000000000000000000000000025500000000000000000000000000025500000000000025500000000000000000000000025500000255000000000000000000000000255000000000000000000000000000000002552550000000000000000000002550000000000255
0255000000000000000000000000000000000000000000000000000002550000000000000000000000000002550000000000002550000000000000000000000002550000025500000000000000000000000025500000000000000000000000025500000002550000000000000000000002552550000000000255
0255000000000000000000000000000000000000000000000000000002550000000000000000000000000002550000000000002550000000000000000000000002550000025500000000000000000000000025500000000000000000000000025500000025525500000000000000000000025500000000000255
0255000000000000000000000000000000000000000000000000000000255000000000000000000000000000255000000000000255000000000000000000000002550000025500000000000000000000000025500000000000000000000000025500000025500000000000000000000025525500000000000255
0255000000000000000000000000000000000000000000000000000000255000000000000000000000000000255000000000000255000000000000000000000002550000025500000000000000000000000025500000000000000000000000025500000255255000000000000000000000255000000000000255
025500000000000000000000000000000000000000000000000000000002550025500000000000000000000000255000000000000255000000000000000000000002550000025500000000000000000000000025500000000000000000000000025500000255000000000000000000000255255000000000000255
0255000000000002552552552552550000000000000000000000000000000000000002550000000000000000000000000025500000000000025500000000000000000000000255000002550000000000000000000000002550000000000000000000000002550255002552550000000000000000000002550000000000000255
02550000000025525525500000255255255000000000000000000000000000000000000255000025500000000000000000000002550000000000025500000000000000000000000255000002550000000000000000000000002550000000000000000000000002550002552550000000000000000000002552550000000000000255
0255000000255255255000000000025525525500000000000000000000000000000000025500000000000000000000000000025500000000000255000000000000000000000002550000025500002550000000000000000000255000000000000000000000000255000255000000000000000000000025500000000000000255
0255000002552550000000000000002552550000000000000000000000000000000025500000000000000000000000000255000000000000255000000000000000000000025500000255000025500000000000000000002550000000000000000000000002550025525500000000000000000000025525500000000000000255
025500000255000000000000000002552552550000000000000000000000000000002550000000000000000000000000025500000000000025500000000000000000000025500000002550000000000000000000000255000000000000000000000000025500255000000000000000000000255255000000000000000255
02550000255255000000000000000000025525525500000000000000000000000000002550000000000000000000000000025500000000000025500000000000000000000025500000002550025500000000000000000002550000000000000000000000000002552550000000000000000000002550000000000000000255
0255000025500000000000000000000002552550000000000000000000000000000255000000000000000000000000025500000000000025500000000000000000000025500000002550000000000000000000000255000000000000000000000000002552550000000000000000000002552550000000000000000255
0255000025500000000000000000000000255255000000000000000000000000000255000000000000000000000000025500000000000025500000000000000000000025500000002550025500000000000000000002550000000000000000000000000255255000000000000000000000025500000000000000000255
025500002550000000000000000000000002552552550000000000000000000000000255000000000000000000000000002550000000000025500000000000000000000002550000002550025500000000000000000002550000000000000000000000000255000000000000000000000025525500000000000000000255
0255000025525500000000000000000000000002552550000000000000000000000002550000000000000000000000000025500000000000255000000000000000000000025500000025500000000000000000000002550000000000000000000000002552550000000000000000000000255000000000000000000255
02550000025525500000000000000000000000002552550000000000000000000000002550002550000000000000000000002550000000000002550000000000000000000002550000002550000000000000000000002550000000000000000000000002552550000000000000000000000255255000000000000000000255
025500000025525500000000000000000000000002552550000000000000000000000025500000000000000000000000002550000000000002550000000000000000000255025500000025500000000000000000000025500000000000000000000000255255000000000000000000000002550000000000000000000255
0255000000025500000000000000000000000000255255000000000000000000000025500000000000000000000000002550000000000002550025525525500000000000025525525502550000002550000000000000000000002550000000000000000000000255255000000000000000000000002552550000000000000000000255
02550000000025500000000000000000000000000255255000000000000000000000025500000000000000000000000002550000000000025500002552550000000000255255000025500000255000000000000000000000255000000000000000000000025500000000000000000000000025500000000000000000000255
025500000000255255000000000000000000000000002550000000000000000000000255000000000000000000000000025500000000002550000002552552552552550000002550000025525500025500000000000000000000002550000000000000000000002552550000000000000000000000025525500000000000000000000255
025500000000025500000000000000000000000000255255000000000000000000000255000000000000000000000000025525500000000025500000000000255000000000000255255255025500255000000000000000000255000000000000000000000255255000000000000000000000000255000000000000000000000255
02550000000002552550000000000000000000000000025525500000000000000000000255000000000000000000000000002552552550000255255255255000000000000000000000000002552552550025500000000000000000025500000000000000000000255255000000000000000000000000255255000000000000000000000255
02550000000000255255000000000000000000000000002552550000000000000000000025500000000000000000000000000002552552552550000000000000000000000000000000000025525500000000000000000255000000000000000000025525500000000000000000000000002550000000000000000000000255
025500000000000255000000000000000000000000000255000000000000000000002550000000000000000255255255000000000000000000255255000000000000000000002552550000000255255000000000000000025500000000000000000002550000000255000000000000000002552550000000000000000000000255
02550000000000025525500000000000000000000000000255255000000000000000000025500000000000002552552550000000000000000000025525500000000000000000000002550000000025525500000000000000025500000000000000000025525500000025500000000000000000025500000000000000000000000255
025500000000000025500000000000000000000000000025500000000000000000002550000000000255255255000000000000000000000000000000000000000000000000000000000255255000000000000002550000000000000000025525500000025500000000000000000025525500000000000000000000000255
02550000000000002552550000000000000000000000000025525500000000000000000025500025500002552552550000000000000000000000000000000000000000000000000000000000000255255000000000255002550000000000000000025500000255255255000000000000000000255000000000000000000000000255
0255000000000000025500000000000000000000000000025500000000000000000002550025502550255255000000000000000000000000000000000000000000000000000000000000000000000000025525500255000000000000000025525500000255000002550000000000000255255000000000000000000000000255
025500000000000002552550000000000000000000000000025525500000000000000000025500000255000000000000000000000000000000000000000000000000000000000000000000000000000255000255000000000000000025500000000000025500000000000002550000000000000000000000000255
025500000000000000255000000000000000000000000000255000000000000000000255000000000000000000000000000000000000000000000000000000000000000000000000000000000255000255000000000000000255255000000000002552550000000000002552550000000000000000000000000255
02550000000000000025525500000000000000000000000000255255000000000000000002550000000000000000000000000000000000000000000000000000000000000000000000000000000002550002550000000000000002550000000000000000000000000025500000000000000000000000000255
025500000000000000025500000000000000000000000000025500000000000000000255000000000000000000000000000000000000000000000000000000000000000000000000000000000255255000255000000000000025525500002550000000000000000000025525500000000000000000000000000255
02550000000000000000255000000000000000000000000002550000000000000000025500000000000000000000000000000000000000000000000000000000000000000000000000000000002550002552550000000000002550002550000000000000000000000255000000000000000000000000000255
025500000000000000002550000000000000000000000000002550000000000000000255000000000000000000000000000000000000000000000000000000000000000000000000000000000000000255000000000002552550000000000000000000000000255255000000000000000000000000000255
02550000000000000000255000000000000000000000000000255000000000000000025500000000000000000000000000000000000000000000000000000000000000000000000000000000000000025525500000000025525500000000000000000000000002552550000000000000000000000000000255
02550000000000000000025500000000000000000000000000255000000000000000025500000000000000000000000000000000000000000000000000000000000000000000000000000000000000002552550000000255255000255000000000000000000000025500000000000000000000000000000255
025500000000000000000255000000000000000000000000000255000000000000000255000000000000000000000000000000000000000000000000000000000000000000000000000000002552550000000255255000002552550000000000000000000000000025525500000000000000000000000000000255
0255000000000000000002550000000000000000000000000002550000000000000002550000000000000000000000000000000000000000000000000000000000000000000000000000000255255000000000255255000255255000000000000000000000000000255000000000000000000000000000000255
025500000000000000000255000000000000000000000000000255000000000000000255000000000000000000000000000000000000000000000000000000000000000000000000000000025500000000000255255255255255000000000000000000000000000255255000000000000000000000000000000255
02550000000000000000025500025500000000000000000000000255000000000000000255000000000000000000000000000000000000000000000000000000000000000000000000000000000000000000000000000000000000000000000000002552550000000000000000000000000000000255
025500000000000000000255000255000000000000000000000000255000000000000002550000000000000000000000000000000000000000000000000000000000000000000000000000000000000000000000000000000000000000000000000025500000000000000000000000000000000255
0255000000000000000000255002550000000000000000000000002550000000000000025500000000002550000000000000000000000000000000000000000000000000000000000000000000000000000000000000000000000000000000000000025525500000000000000000000000000000000255
0255000000000000000000255000000000000000000000000000255000000000000002550000000000000000000000000000000000000000000000000000000000000000000000000000000000000000000000000000000000000000000000000255000000000000000000000000000000000255
025500000000000000000002550000000000000000000000000002550000000000000255000000000000000000000000000000000000000000000000000000000000000000000000000000000000000000000000000000000000000000000000255255000000000000000000000000000000000255
0255000000000000000000025500000000000000000000000000025500000000000002550000000000000000000000000000000000000000000000000000000000000000000000000000000000000000000000000000000000000000000000002550000000000000000000000000000000000255
02550000000000000000000255000025500000000000000000000002550000000000000255000000000000000000000000000000000000000000000000000000000000000000000000000000000000000000000000000000000000000000000002552550000000000000000000000000000000000255
025500000000000000000002550000255000000000000000000000025500000000000002550000000000000000000000000000000000000000000000000000000000000000000000000000000000000000000000000000000000000000000000025500000000000000000000000000000000000255
02550000000000000000000025500025500000000000000000000002550000000000000025500000000000000000000000000000000000000000000000000000000000000000000000000000000000000000000000000000000000000000000025525500000000000000000000000000000000000255
02550000000000000000000025500000000000000000000000000255000000000000002550000000000000000000000000000000000000000000000000000000000000000000000000000000255000000000000000000000000000000000000255255000000000000000000000000000000000000255
0255000000000000000000002550000000000000000000000000002550000000000000255000255000000000000000000000000000000000000000000000000000000000000000000000000000255000000000000000000000255000000000000002550000000000000000000000000000000000000255
0255000000000000000000000255000000000000000000000000002550000000000000255002552550000000000000000000000000000000000000000000000000000000000000000000000000255255255000000000000000000000000000000000002552550000000000000000000000000000000000000255
0255000000000000000000000255000000000000000000000000002550000000000000255002550000000000000000000000000000000000000000000000000000000000000000000000000025500000000000000000000000255000000000000025500000000000000000000000000000000000000255
02550000000000000000000002550000000000000000000000000002550000000000002550000000000000000000000000000000000000000000000000000000000000000000000000002552552550000000000000000000000025525500000000000025500000000000000000000000000000000000000255
025500000000000000000000002550000000000000000000000000025500000000000025500000000000000000000000000000000000000000000000000000000000000000000000000255255000000000000000000000000002552550000000000255000000000000000000000000000000000000000255
02550000000000000000000000255002550000000000000000000000025500000000000025500000000000000000000000000000000000000000000000000000000000000000000000000255000000000000000000000000000025525525500000000255000000000000000000000000000000000000000255
025500000000000000000000002550002550000000000000000000000255000000000000255000025525500000000000000000000000000000000000000000000000000000000000000000002552550000000000000000000000000000002552550000000255000000000000000000000000000000000000000255
02550000000000000000000000255000255000000000000000000000002550000000000255000025525500000000000000000000000000000000000000000000000000000000000000000000000000000000000000000000000000000255255000002550000000000000000000000000000000000000000255
025500000000000000000000000255002550000000000000000000000025500000000002550000255000000025525525525525500000000000000000000000000000000000000000000000000000000000000000000000000000000000000000000000002550000000000000000000000000000000000000000255
02550000000000000000000000025500255000000000000000000000002550000000002550000000000025525500000255255000000000000000000000000000000000000000000000000000000000000000000000000000000000000000000000002550000000000000000000000000000000000000000255
02550000000000000000000000025500025500000000000000000000000255000000002550000000000255000000000255255255000000000000000000000000000000000000000000000000000000000000000000000000000000000000000000025500000000000000000000000000000000000000000255
02550000000000000000000000025500025500000000000000000000000255000000002550000000000000000000000255255255000000000000000000000000000000000000000000000000002550000000000000000000000000000000000000025500000000000000000000000000000000000000000255
02550000000000000000000000002550025500000000000000000000000255000000025500000000000000000000000002552552550000000000000000000000000000000000000000000000025500000000000000000000000000000000000000025500000000000000000000000000000000000000000255
02550000000000000000000000002550025500000000000000000000000255000000025500000000000000000000000000025525525500000000000000000000000000000000000000000000025500000000000000000000000000000000000000025500000000000000000000000000000000000000000255
0255000000000000000000000000255000000000000000000000000000255000000255000000000000000000000000000002552552550000000000000000000000000000000000000000000000000000000000000000000000000000000000025500000000000000000000000000000000000000000255
025500000000000000000000000025500000000000000000000000000025500000255255000000000000000000000000000000025525525500000000000000000000000000000000000000000000000000000000000000000000000000000000255000000000000000000000000000000000000000000255
025500000000000000000000000025500000255000000000000000000000255000025525500000000000000000000000000000000000255000000000000000000000000000000000025500000000000000000000000000000000000000000000255000000000000000000000000000000000000000000255
0255000000000000000000000000025500002550000000000000000000002550000255000255255000000000000000000000000000000000000000000000000000000000000000000000000000000000000000000000000000000000000000255000000000000000000000000000000000000000000255
02550000000000000000000000000255000000000000000000000000000255002552550025500000000000000000000000000000000000000000000000000000000000000000000000000000000000000000000000000000000000000000255000000000000000000000000000000000000000000255
025500000000000000000000000002550000000000000000000000000002552552552550000000000000025500000000000000000000000000000255000000000000000000000000000000000000000000000000000000000000000000000000255000000000000000000000000000000000000000000255
0255000000000000000000000000025500000000000000000000000000025502550255000000000000002552550000000000000000000000000002552550000000000000000000000000000000000000000000000000000000000000000000000255002550000000000000000000000000000000000000000255
02550000000000000000000000000255000000000000000000000000000000025500000000000000000000000000000000000000000000000000000000000000000000000000000000000000000000000000000000000000000002550000000000000000000000000000000000000000000255
0255000000000000000000000000025500255000000000000000000000000002550255255000000000000000000000000000000000000000000000000000000000000000000000000000000000002550000000000000000000000000000002550000000000000000000000000000000000000000000255
02550000000000000000000000000255000000000000000000000000000025500025500000000000000000000000000000000000000000000000000000000000000000000000000000000000255255000000000000000000000000000002550000000000000000000000000000000000000000000255
0255000000000000000000000000025500000000000000000000000000000255002550000000000000000000000000000000000000000000000000025500000000000000000000000000000000025525500000000000000000000000000025500000000000000000000000000000000000000000000255
0255000000000000000000000000025500000000000000000000000000000255002550000000000000000000000000000000000000000000000000002550000000000000000000000000000000002552552552552550000000000000000000000025500000000000000000000000000000000000000000000255
0255000000000000000000000000025500000000000000000000000000000255025500000000000000000000000000000000000000000000000000000000000000000000000000000000000000000025525525500000000000000000000025500000000000000000000000000000000000000000000255
02550000000000000000000000000255000000000000000000000000000002550255000000000000000000000000000000000000000000000000000000000000000000000000000000000000000000002552550000000000000000000025500000000000000000000000000000000000000000000255
025500000000000000000000000002550000000000000000000000000000025502550000000000000000000000000000000000000000000000000000000000000000000000000000000000000000000000255255255255000000000000000255000000000000000000000000000000000000000000000255
025500000000000000000000000002550000000000000000000000000000000255000000000000000000000000000000000000000000000000000000000000000000000000000000000000000000000000002552550000000000000255000000000000000000000000000000000000000000000255
025500000000000000000000000002550000000000000000000000000000000000000000000000000000000000000000000000000000000000000000000000000000000000000000000000000000000000002552552550000000000255000000000000000000000000000000000000000000000255
025500000000000000000000000002550000000000000000000000000000000000000000000000000000000000000000000000000000000000000000000000000000000000000000000000000000000000000025525525500000000255000000000000000000000000000000000000000000000255
025500000000000000000000000002550000000000000000000000000000000000000000000000000000000000000000000000000000000000000000000000000000000000000000000000000000000000000000025525525500000255000000000000000000000000000000000000000000000255
025500000000000000000000000002550000000000000000000000000000000000000000000000000000000000000000000000000000000000000000000000000000000000000000000000000000000000000000000000000255000000000000000000000000000000000000000000000255
025500000000000000000000000002550000000000000000000000000000000000000000000000000000000000000000000000000000000000000000000000000000000000000000000000000000000000000000000000000255000000000000000000000000000000000000000000000255
025500000000000000000000000002550000000000000000000000000000000000000000000000000000000000000000000000000000000000000000000000000000000000000000000000000000000000000000000000000255000000000000000000000000000000000000000000000255
025500000000000000000000000002550000000000000000000000000000000000000000000000000000000000000000000000000000000000000000000000000000000000000000000000000000000000000000000000000255000000000000000000000000000000000000000000000255
025500000000000000000000000002550000000000000000000000000000000000000000000000000000000000000000000000000000000000000000000000000000000000000000000000000000000000000000000000000255000000000000000000000000000000000000000000000255
025500000000000000000000000000255000000000000000000000000000000000000000000000000000000000000000000000000000000000000000000000000000000000000000000000000000000000000000000000002550000000000000000000000000000000000000000000000255
025500000000000000000000000000255000000000000000000000000000000000000000000000000000000000000000000000000000000000000000000000000000000000000000000000000000000000000000000000002550000000000000000000000000000000000000000000000255
025500000000000000000000000000255000000000000000000000000000000000000000000000000000000000000000000000000000000000000000000000000000000000000000000000000000000000000000000000002550000000000000000000000000000000000000000000000255
025500000000000000000000000000255000000000000000000000000000000000000000000000000000000000000000000000000000000000000000000000000000000000000000000000000000000000000000000000002550000000000000000000000000000000000000000000000255
025500000000000000000000000000255000000000000000000000000000000000000000000000000000000000000000000000000000000000000000000000000000000000000000000000000000000000000000000000002550000000000000000000000000000000000000000000000255
025500000000000000000000000000255000000000000000000000000000000000000000000000000000000000000000000000000000000000000000000000000000000000000000000000000000000000000000000000002550000000000000000000000000000000000000000000000255
025500000000000000000000000000255000000000000000000000000000000000000000000000000000000000000000000000000000000000000000000000000000000000000000000000000000000000000000000000002550000000000000000000000000000000000000000000000255
025500000000000000000000000000255000000000000000000000000000000000000000000000000000000000000000000000000000000000000000000000000000000000000000000000000000000000000000000000002550000000000000000000000000000000000000000000000255
025500000000000000000000000000025500000000000000000000000000000000000000000000000000000000000000000000000000000000000000000000000000000000000000000000000000000000000000000000025500000000000000000000000000000000000000000000000255
025500000000000000000000000000025500000000000000000000000000000000000000000000000000000000000000000000000000000000000000000000000000000000000000000000000000000000000000000000025500000000000000000000000000000000000000000000000255
025500000000000000000000000000025500000000000000000000000000000000000000000000000000000000000000000000000000000000000000000000000000000000000000000000000000000000000000000000025500000000000000000000000000000000000000000000000255
025500000000000000000000000000025500000000000000000000000000000000000000000000000000000000000000000000000000000000000000000000000000000000000000000000000000000000000000000000025500000000000000000000000000000000000000000000000255
025500000000000000000000000000002550000000000000000000000000000000000000000000000000000000000000000000000000000000000000000000000000000000000000000000000000000000000000000000025500000000000000000000000000000000000000000000000255
025500000000000000000000000000002550000000000000000000000000000000000000000000000000000000000000000000000000000000000000000000000000000000000000000000000000000000000000000000025500000000000000000000000000000000000000000000000255
02550000000000000000000000000000255255000000000000000000000000000000000000000000000000000000000000000000000000000000000000000000000000000000000000000000000000000000000000000000255000000000000000000000000000000000000000000000000255
02550000000000000000000000000000025525500000000000000000000000000000000000000000000000000000000000000000000000000000000000000000000000000000000000000000000000000000000000000000255000000000000000000000000000000000000000000000000255
025500000000000000000000000000000025500000000000000000000000000000000000000000000000000000000000000000000000000000000000000000000000000000000000000000000000000000000000000000255000000000000000000000000000000000000000000000000255
02550000000000000000000000000000002552550000000000000000000000000000000000000000000000000000000000000000000000000000000000000000000000000000000000000000000000000000000000000000255000000000000000000000000000000000000000000000000255
025500000000000000000000000000000002550000000000000000000000000000000000000000000000000000000000000000000000000000000000000000000000000000000000000000000000000000000000000000255000000000000000000000000000000000000000000000000255
02550000000000000000000000000000000255255000000000000000000000000000000000000000000000000000000000000000000000000000000000000000000000000000000000000000000000000000000000000000255000000000000000000000000000000000000000000000000255
02550000000000000000000000000000000025525500000000000000000000000000000000000000000000000000000000000000000000000000000000000000000000000000000000000000000000000000000000000002550000000000000000000000000000000000000000000000000255
025500000000000000000000000000000000025500000000000000000000000000000000000000000000000000000000000000000000000000000000000000000000000000000000000000000000000000000000000002550000000000000000000000000000000000000000000000000255
025500000000000000000000000000000000025500000000000000000000000000000000000000000000000000000000000000000000000000000000000000000000000000000000000000000000000000000000000002550000000000000000000000000000000000000000000000000255
02550000000000000000000000000000000002552550000000000000000000000000000000000000000000000000000000000000000000000000000000000000000000000000000000000000000000000000000000000002550000000000000000000000000000000000000000000000000255
025500000000000000000000000000000000002550000000000000000000000000000000000000000000000000000000000000000000000000000000000000000000000000000000000000000000000000000000000025500000000000000000000000000000000000000000000000000255
025500000000000000000000000000000000000255000000000000000000000000000000000000000000000000000000000000000000000000000000000000000000000000000000000000000000000000000000000025500000000000000000000000000000000000000000000000000255
025500000000000000000000000000000000000255000000000000000000000000000000000000000000000000000000000000000000000000000000000000000000000000000000000000000000000000000000000025500000000000000000000000000000000000000000000000000255
02550000000000000000000000000000000000025525500000000000000000000000000000000000000000000000000000000000000000000000000000000000000000000000000000000000000000000000000000000025500000000000000000000000000000000000000000000000000255
02550000000000000000000000000000000000002552550000000000000000000000000000000000000000000000000000000000000000000000000000000000000000000000000000000000000000000000000000000025500000000000000000000000000000000000000000000000000255
025500000000000000000000000000000000000002550000000000000000000000000000000000000000000000000000000000000000000000000000000000000000000000000000000000000000000000000000000255000000000000000000000000000000000000000000000000000255
025500000000000000000000000000000000000002550000000000000000000000000000000000000000000000000000000000000000000000000000000000000000000000000000000000000000000000000000000255000000000000000000000000000000000000000000000000000255
025500000000000000000000000000000000000000255000000000000000000000000000000000000000000000000000000000000000000000000000000000000000000000000000000000000000000000000000000255000000000000000000000000000000000000000000000000000255
02550000000000000000000000000000000000000025525500000000000000000000000000000000000000000000000000000000000000000000000000000000000000000000000000000000000000000000000000002550000000000000000000000000000000000000000000000000000255
025500000000000000000000000000000000000000025500000000000000000000000000000000000000000000000000000000000000000000000000000000000000000000000000000000000000000000000000002550000000000000000000000000000000000000000000000000000255
0255000000000000000000000000000000000000000000000000000000000000000000000000000000000000000000000000000000000000000000000000000000000000000000000000000000000000000000002550000000000000000000000000000000000000000000000000000255
0255255255255255255255255255255255255255255255255255255255255255255255255255255255255255255255255255255255255255255255255255255255255255255255255255255255255255255255255255255255255255255255255255255255255255255255255255255255255255255255255255255255255255255255255255255255255255255255255255255255255255255255255255255255255255255255255255255255255255255255255255255255255255255255255255255255255255255255255255255255255255255255255255255255255255255255255255255255255255255255255255255255255255255255255255255255255255255255255255255255255255255255255255255255255255255255255255255255255255255255255255255255255255255255255255255255255255255255255255255255
