0000000000000000000000000000000000000000000000000000000000000000000000000000000000000000000000000000000000000000000000000000000000000000000000000000000000000000000000000000000000000000000000000000000000000000000000000000
0111111111111111111111111111111111111111111111111111111111111111111111111111111111111111111111111111111111111111111111111111111111111111111111111111111111111111111111111111111111111111111111111111111111111111111111111111
0100000000000000000000000000000000000000000000000000000000000000000000000000000000000000000000000000000000000000000000000000000000000000000000000000000000000000000000000000000000000000000000000000000000000000000000000001
0100000000000000000000000000000000000000000000000000000000000000000000000000000000000000000000000000000000000000000000000000000000000000000000000000000000000000000000000000000000000000000000000000000000000000000000000001
0100000000000000000000000000000000000000000000000000000000000000000000000000000000000000000000000000000000000000000000000000000000000000000000000000000000000000000000000000000000000000000000000000000000000000000000000001
0100000000000000000000000000000000000000000000000000000000000000000000000000000000000000000000000000000000000000000000000000000000000000000000000000000000000000000000000000000000000000000000000000000000000000000000000001
0100000000000000000000000000000000000000000000000000000000000000000000000000000000000000000000000000000000000000000000000000000000000000000000000000000000000000000000000000000000000000000000000000000000000000000000000001
0100000000000000000000000000000000000000000000000000000000000000000000000000000000000000000000000000000000000000000000000000000000000000000000000000000000000000000000000000000000000000000000000000000000000000001000000001
0100000000000000000000000000000000000000000000000000000000000000000000000000000000000000000000000000000000000000000000000000000000000000000000000000000000000000000000000000000000000000000000000000000000000000001000000001
0100000000000000000000000000000000000000000000000000000000000000000000000000000000000000000000000000000000000000000000000000000000000000000000000000000000000000000000000000000000000000000000000000000000000000001000000001
0100000000000000000000000000000000000000000000000000000000000000000000000000000000000000000000000000000000000000000000000000000000000000000000000000000000000000000000000000000000000000000000000000000000000000001000000001
0100000000000000000000000000000000000000000000000000000000000000000000000000000000000000000000000000000000000000000000000000000000000000000000000000000000000000000000000000000000000000000000000000000000000000000000000001
0100000000000000000000000000000000000000000000000000000000000000000000000000000000000000000000000000000000000000000000000000000000000000000000000000000000000000000100000000000000000000000000000000000000000000000000000001
0100000000000000000000000000000000000000000000000000000000000000000000000000000000000000000000000000000000000000000000000000000000000000000000000000000000000000000100000000000000000000000000000000000000000000001000000001
0100000000000000000000000000000000000000000000000000000000000000000000000000000000000000000000000000000000000000000000000000000000000000000000000000000000000000000000000000000000000000000000000000000000000000000000000001
0100000000000000000000000000000000000000000000000000000000000000000000000000000000000000000000000000000000000000000000000000000000000000000000000000000000000000000000000000000000000000000000000000000000000000000000000001
0100000000000000000000000000000000000000000000000000000000000000000000000000000000000000000000000000000000000000000000000000000000000000000000000000000000000000000000000000000000000000000000000000000000000000000000000001
0100000000000000000000000000000000000000000000000000000000000000000000000000000000000000000000000000000000000000000000000000000000000000000000000000000000000000000000000000000000000000000000000000000000000000000000000001
0100000000000000000000000000000000000000000000000000000000000000000000000000000000000000000000000000000000000000000000000000000000000000000000000000000000000000000000000000000000000000000000000000000000000000000000000001
0100000000000000000000000000000000000000000000000000000000000000000000000000000000000000000000000000000000000000000000000000000000000000000000000000000000000000000000000000000000000000000000000000000000000000000000000001
0100000000000000000000000000000000000000000000000000000000000000000000000000000000000000000000000000000000000000000000000000000000000000000000000000000000000000000000000000000000000000000000000000000000000000000000000001
0100000000000000000000000000000000000000000000000000000000000000000000000000000000000000000000000000000000000000000000000000000000000000000000000000000000000000000000000000000000000000000000000000000000000000000000000001
0100000000000000000000000000000000000000000000000000000000000000000000000000000000000000000000000000001000000000000000000000000000000000000000000000000000000000000000000000000000000000000000000000000000000000000000000001
0100000000000000000000000000000000000000000000000000000000000000000000000000000000000000000000000111110111100000000000000000000000000000000000000000000000000000000000000000000000000000000000000000000000000000000000000001
0100000000000000000000000000000000000000000000000000000000000000000000000000000000000000000000001100000000110000000000000000000000000000000000000000000000000000000000000000000000000000000000000000000000000000000000000001
0100000000000000000000000000000000000000000000000000000000000000000000000000000000000000000000011000000000011000000000000000000000000000000000000000000000000000000000000000000000000000000000000000000000000000000000000001
0100000000000000000000000000000000000000000000000000000000000000000000000000000000000000000000110000000000001100000000000000000000000000000000000000000000000000000000000000000000000000000000000000000000000000000000000001
0100000000000000000000000000000000000000000000000000000000000000000000000000000000000000000001100000000000000100000000000000000000000000000000000000000000000000000000000000000000000000000000000000000000000000000000000001
0100000000000000000000000000000000000000000000000000000000000000000000000000000000000000000001000000000000000010000000000000000000000000000000000000000000000000000000000000000000000000000000000000000000000000000000000001
0100000000000000000000000000000000000000000000000000000000000000000000000000000000000000000001000000000000000010000000000000000000000000000000000000000000000000000000000000000000000000000000000000000000000000000000000001
0100000000000000000000000000000000000000000000000000000000000000000000000000000000000000000010000000000000000010000000000000000000000000000000000000000000000000000000000000000000000000000000000000000000000000000000000001
0100000000000000000000000000000000000000000000000000000000000000000000000000000000000000000010000000000000000010000000000000000000000000000000000000000000000000000000000000000000000000000000000000000000000000000000000001
0100000000000000000000000000000000000000000000000000000000000000000000000000000000000000000010000000100000000010000000000000000000000000000000000000000000000000000000000000000000000000000000000000000000000000000000000001
0100000000000000000000000000000000000000000000000000000000000000000000000000000000000000000010000000000000000010000000000000000000000000000000000000000000000000000000000000000000000000000000000000000000000000000000000001
0100000000000000000000000000000000000000000000000000000000000000000000000000000000000000000100000001000000000010000000000000000000000000000000000000000000000000000000000000000000000000000000000000000000000000000000000001
0100000000000000000000000000000000000000000000000000000000000000000000000000000000000000000100000001000000000010000000000000000000000000000000000000000000000000000000000000000000000000000000000000000000000000000000000001
0100000000000000000000000000000000000000000000000000000000000000000000000000000000000000000100000011000000000010000000000000000000000000000000000000000000000000000000000000000000000000000000000000000000000000000000000001
0100000000000000000000000000000000000000000000000000000000000000000000000000000000000000000100000000000000000010000000000000000000000000000000000000000000000000000000000000000000000000000000000000000000000000000000000001
0100000000000000000000000000000000000000000000000000000000000000000000000000000000000000000100000000000000000010000000000000000000000000000000000000000000000000000000000000000000000000000000000000000000000000000000000001
0100000000000000000000000000000000000000000000000000000000000000000000000000000000000000000100000000000000000010000000000000000000000000000000000000000000000000000000000000000000000000000000000000000000000000000000000001
0100000000000000000000000000000000000000000000000000000000000000000000000000000000000000001000000000000000000010000000000000000000000000000000000000000000000000000000000000000000000000000000000000000000000000000000000001
0100000000000000000000000000000000000000000000000000000000000000000000000000000000000000001000000000000000000010000000000000000000000000000000000000000000000000000000000000000000000000000000000000000000000000000000000001
0100000000000000000000000000000000000000000000000000000000000000000000000000000000000000001000000000000000000010000000000000000000000000000000000000000000000000000000000000000000000000000000000000000000000000000000000001
0100000000000000000000000000000000000000000000000000000000000000000000000000000000000000001000000000000000000010000000000000000000000000000000000000000000000000000000000000000000000000000000000000000000000000000000000001
0100000000000000000000000000000000000000000000000000000000000000000000000000000000000000001000000000000000000010000000000000000000000000000000000000000000000000000000000000000000000000000000000000000000000000000000000001
0100000000000000000000000000000000000000000000000000000000000000000000000000000000000000001000000000000000000010000000000000000000000000000000000000000000000000000000000000000000000000000000000000000000000000000000000001
0100000000000000000000000000000000000000000000000000000000000000000000000000000000000000001000000000000000000010000000000000000000000000000000000000000000000000000000000000000000000000000000000000000000000000000000000001
0100000000000000000000000000000000000000000000000000000000000000000000000000000000000000001000000000000000000010000000000000000000000000000000000000000000000000000000000000000000000000000000000000000000000000000000000001
0100000000000000000000000000000000000000000000000000000000000000000000000000000000000000010000000000000000000010000000000000000000000000000000000000000000000000000000000000000000000000000000000000000000000000000000000001
0100000000000000000000000000000000000000000000000000000000000000000000000000000000000000010000110000000000000010000000000000000000000000000000000000000000000000000000000000000000000000000000000000000000000000000000000001
0100000000000000000000000000000000000000000000000000000000000000000000000000000000000000010000100000000000100010000000000000000000000000000000000000000000000000000000000000000000000000000000000000000000000000000000000001
0100000000000000000000000000000000000000000000000000000000000000000000000000000000000000010001000000000000010010000000000000000000000000000000000000000000000000000000000000000000000000000000000000000000000000000000000001
0100000000000000000000000000000000000000000000000000000000000000000000000000000000000000010001000000000000000010000000000000000000000000000000000000000000000000000000000000000000000000000000000000000000000000000000000001
0100000000000000000000000000000000000000000000000000000000000000000000000000000000000000010000000000000000001001000000000000000000000000000000000000000000000000000000000000000000000000000000000000000000000000000000000001
0100000000000000000000000000000000000000000000000000000000000000000000000000000000000000010000000000000000000001000000000000000000000000000000000000000000000000000000000000000000000000000000000000000000000000000000000001
0100000000000000000000000000000000000000000000000000000000000000000000000000000000000000010000000000000000000001000000000000000000000000000000000000000000000000000000000000000000000000000000000000000000000000000000000001
0100000000000000000000000000000000000000000000000000000000000000000000000000000000000000010000000000000000000001000000000000000000000000000000000000000000000000000000000000000000000000000000000000000000000000000000000001
0100000000000000000000000000000000000000000000000000000000000000000000000000000000000000010000000000100000000001000000000000000000000000000000000000000000000000000000000000000000000000000000000000000000000000000000000001
0100000000000000000000000000000000000000000000000000000000000000000000000000000000000000010000000000000000000010000000000000000000000000000000000000000000000000000000000000000000000000000000000000000000000000000000000001
0100000000000000000000000000000000000000000000000000000000000000000000000000000000000000010000000000000000000010000000000000000000000000000000000000000000000000000000000000000000000000000000000000000000000000000000000001
0100000000000000000000000000000000000000000000000000000000000000000000000000000000000000010000000000000000000010000000000000000000000000000000000000000000000000000000000000000000000000000000000000000000000000000000000001
0100000000000000000000000000000000000000000000000000000000000000000000000000000000000000010000000000000000000010000000000000000000000000000000000000000000000000000000000000000000000000000000000000000000000000000000000001
0100000000000000000000000000000000000000000000000000000000000000000000000000000000000000010000000000000000000010000000000000000000000000000000000000000000000000000000000000000000000000000000000000000000000000000000000001
0100000000000000000000000000000000000000000000000000000000000000000000000000000000000000010000000000000000000010000000000000000000000000000000000000000000000000000000000000000000000000000000000000000000000000000000000001
0100000000000000000000000000000000000000000000000000000000000000000000000000000000000000010000000000000000000010000000000000000000000000000000000000000000000000000000000000000000000000000000000000000000000000000000000001
0100000000000000000000000000000000000000000000000000000000000000000000000000000000000000010000000000000000000001000000000000000000000000000000000000000000000000000000000000000000000000000000000000000000000000000000000001
0100000000000000000000000000000000000000000000000000000000000000000000000000000000000000010000000000000000000001000000000000000000000000000000000000000000000000000000000000000000000000000000000000000000000000000000000001
0100000000000000000000000000000000000000000000000000000000000000000000000000000000000000010000000000000000000001000000000000000000000000000000000000000000000000000000000000000000000000000000000000000000000000000000000001
0100000000000000000000000000000000000000000000000000000000000000000000000000000000000000010000000000000000000001000000000000000000000000000000000000000000000000000000000000000000000000000000000000000000000000000000000001
0100000000000000000000000000000000000000000000000000000000000000000000000000000000000000100000000000000000000001000000000000000000000000000000000000000000000000000000000000000000000000000000000000000000000000000000000001
0100000000000000000000000000000000000000000000000000000000000000000000000000000000000000100000000000000000000001000000000000000000000000000000000000000000000000000000000000000000000000000000000000000000000000000000000001
0100000000000000000000000000000000000000000000000000000000000000000000000000000000000000100000000000000000000001000000000000000000000000000000000000000000000000000000000000000000000000000000000000000000000000000000000001
0100000000000000000000000000000000000000000000000000000000000000000000000000000000000000100000000000000000000000100000000000000000000000000000000000000000000000000000000000000000000000000000000000000000000000000000000001
0100000000000000000000000000000000000000000000000000000000000000000000000000000000000000100000000000000000000000100000000000000000000000000000000000000000000000000000000000000000000000000000000000000000000000000000000001
0100000000000000000000000000000000000000000000000000000000000000000000000000000000000000100000000000000000000000100000000000000000000000000000000000000000000000000000000000000000000000000000000000000000000000000000000001
0100000000000000000000000000000000000000000000000000000000000000000000000000000000000000100000000000000000000000100000000000000000000000000000000000000000000000000000000000000000000000000000000000000000000000000000000001
0100000000000000000000000000000000000000000000000000000000000000000000000000000000000000100000010000000000000000100000000000000000000000000000000000000000000000000000000000000000000000000000000000000000000000000000000001
0100000000000000000000000000000000000000000000000000000000000000000000000000000000000000100001100000000000000000010000000000011111111111000000000000000000000000000000000000000000000000000000000000000000000000000000000001
0100000000000000000000000000000000000000000000000000000000000000000000000000000000000000100010000000000000000000010000000001110000000000111000000000000000000000000000000000000000000000000000000000000000000000000000000001
0100000000000000000000000000000000000000000000000000000000000000000000000000000000000000100000000000000000000000010000000011000000000000001100000000000000000000000000000000000000000000000000000000000000000000000000000001
0100000000000000000000000000000000000000000000000000000000000000000000000000000000000000100000000000000000000000010000000110000000000000000110000000000000000000000000000000000000000000000000000000000000000000000000000001
0100000000000000000000000000000000000000000000000000000000000000000000000000000000000000100000000000000000000000010000001100000000000000000010000000000000000000000000000000000000000000000000000000000000000000000000000001
0100000000000000000000000000000000000000000000000000000000000000000000000000000000000000100100000000000000000000010000011000000000000000000001000000000000000000000000000000000000000000000000000000000000000000000000000001
0100000000000000000000000000000000000000000000000000000000000000000000000000000000000000100000000000000000000000001000110000000000000000000001100000000000000000000000000000000000000000000000000000000000000000000000000001
0100000000000000000000000000000000000000000000000000000000000000000000000000000000000000100000000000000000000000001000100000000000000000000000100000000000000000000000000000000000000000000000000000000000000000000000000001
0100000000000000000000000000000000000000000000000000000000000000000000000000000000000000100000000000000000000000001001100000000000000000000000110000000000000000000000000000000000000000000000000000000000000000000000000001
0100000000000000000000000000000000000000000000000000000000000000000000000000000000000000100000000000000000000000001011000000000000000000000000010000000000000000000000000000000000000000000000000000000000000000000000000001
0100000000000000000000000000000000000000000000000000000000000000000000000000000000000000100000000000000000000000001010000000000000000000000000010000000000000000000000000000000000000000000000000000000000000000000000000001
0100000000000000000000000000000000000000000000000000000000000000000000000000000000000000100000000000000000000000001110000000000000000000000000001000000000000000000000000000000000000000000000000000000000000000000000000001
0100000000000000000000000000000000000000000000000000000000000000000000000000000000000000010000000000000000000000001000000000000000000000000000001000000000000000000000000000000000000000000000000000000000000000000000000001
0100000000000000000000000000000000000000000000000000000000000000000000000000000000000000100000000000000000000011000000000000000000000000000000001000000000000000000000000000000000000000000000000000000000000000000000000001
0100000000000000000000000000000000000000000000000000000000000000000000000000000000000000100000000000000000000001000000000000000000000000000000001000000000000000000000000000000000000000000000000000000000000000000000000001
0100000000000000000000000000000000000000000000000000000000000000000000000000000000000000100000000000000000000001000000000000000000000000000000001000000000000000000000000000000000000000000000000000000000000000000000000001
0100000000000000000000000000000000000000000000000000000000000000000000000000000000000000100000000000000000000000100000000000000000000000000000001000000000000000000000000000000000000000000000000000000000000000000000000001
0100000000000000000000000000000000000000000000000000000000000000000000000000000000000000100000000000000000000001000000000000000000000000000000001000000000000000000000000000000000000000000000000000000000000000000000000001
0100000000000000000000000000000000000000000000000000000000000000000000000000000000000000010000000000000000000001000000000000000000000000000000001000000000000000000000000000000000000000000000000000000000000000000000000001
0100000000000000000000000000000000000000000000000000000000000000000000000000000000000000010000000000000000000001000000000000000000000000000000010000000000000000000000000000000000000000000000000000000000000000000000000001
0100000000000000000000000000000000000000000000000000000000000000000000000000000000000000010000000000000000000011000000000000000000000000000010010000000000000000000000000000000000000000000000000000000000000000000000000001
0100000000000000000000000000000000000000000000000000000000000000000000000000000000000000010000000000000000000010000000000000000000000000000010010000000000000000000000000000000000000000000000000000000000000000000000000001
0100000000000000000000000000000000000000000000000000000000000000000000000000000000000000010000000000000000000110000000000000000000000000000100100000000000000000000000000000000000000000000000000000000000000000000000000001
0100000000000000000000000000000000000000000000000000000000000000000000000000000000000000010000000000000000000100000000000000000000000000000100100000000000000000000000000000000000000000000000000000000000000000000000000001
0100000000000000000000000000000000000000000000000000000000000000000000000000000000000000010000000000000000001000000000000000000000000000000100100100000000000000000000000000000000000000000000000000000000000000000000000001
0100000000000000000000000000000000000000000000000000000000000000000000000000000000000000001000000000000000001000000000000000000000000000000101000100000000000000000000000000000000000000000000000000000000000000000000000001
0100000000000000000000000000000000000000000000000000000000000000000000000000000000000000001000000000000000001000000000000000000000000000001001000100000000000000000000000000000000000000000000000000000000000000000000000001
0100000000000000000000000000000000000000000000000000000000000000000000000000000000000000001000000000000000010000000000000000000000000000001001000100000000000000000000000000000000000000000000000000000000000000000000000001
0100000000000000000000000000000000000000000000000000000000000000000000000000000000000000001000000000000000010000000000000000000000000000010001000100000000000000000000000000000000000000000000000000000000000000000000000001
0100000000000000000000000000000000000000000000000000000000000000000000000000000000000000001000000000000000110000000000000000000000000000010001000100000000000000000000000000000000000000000000000000000000000000000000000001
0100000000000000000000000000000000000000000000000000000000000000000000000000000000000000001000000000000000100000000000000000000000000000010110000100000000000000000000000000000000000000000000000000000000000000000000000001
0100000000000000000000000000000000000000000000000000000000000000000000000000000000000000000100000000000001100000000000000000000000000000100010000100000000000000000000000000000000000000000000000000000000000000000000000001
0100000000000000000000000000000000000000000000000000000000000000000000000000000000000000000100100000000001000000000000000000000000000000100011001000000000000000000000000000000000000000000000000000000000000000000000000001
0100000000000000000000000000000000000000000000000000000000000000000000000000000000000000000100100000000001000000000000000000000000000001000001001000000000000000000000000000000000000000000000000000000000000000000000000001
0100000000000000000000000000000000000000000000000000000000000000000000000000000000000000000100000000000001000000000000000000000000000001000000001000000000000000000000000000000000000000000000000000000000000000000000000001
0100000000000000000000000000000000000000000000000000000000000000000000000000000000000000000100000000000010000000000000000000000000000011000000001000000000000000000000000000000000000000000000000000000000000000000000000001
0100000000000000000000000000000000000000000000000111111111110000000000000000000000000000000010000000000010000000000000000000000000000010000000001000000000000000000000000000000000000000000000000000000000000000000000000001
0100000000000000000000000000000000000000000000011100000000001110000000000000000000000000000010000000000010000000000000000000000000000010000000010000000000000000000000000000000000000000000000000000000000000000000000000001
0100000000000000000000000000000000000000000000110000000000000011000000000000000000000000000010000000000010000111110000000000000000000110000000010100000000000000000000000000000000000000000000000000000000000000000000000001
0100000000000000000000000000000000000000000001100000000000000001110000000000000000000000000010001000000010000110000000000000100000001100000000100100000000000000000000000000000000000000000000000000000000000000000000000001
0100000000000000000000000000000000000000000011000000000000000000011000000000000000000000000010000000000010000000011111101001000100000101111001100100000000000000000000000000000000000000000000000000000000000000000000000001
0100000000000000000000000000000000000000000010000000000000000000001110000000000000000000000010000000000001010011000000000100000111000110000110000100000000000000000000000000000000000000000000000000000000000000000000000001
0100000000000000000000000000000000000000000010000000000000000000000011000000000000000000000001000000000110011110000000000000000000111000000000000010000000000000000001000000000000000000000000000000000000000000000000000001
0100000000000000000000000000000000000000000010000000000000000000000001100000000000000000000001000100001101010000000000000000000011100000000000000011000000000000000001000000000000000000000000000000000000000000000000000001
0100000000000000000000000000000000000000000010000000000000000000000000110000000000000000000001000011110001101000000000000000000010000000000000000001110000000000000000000000000000000000000000000000000000000000000000000001
0100000000000000000000000000000000000000000010000000000000000000000000011000000000000000000001000010000000001000000000000000000100000000000000000000011100000000000000000000000000000000000000000000000000000000000000000001
0100000000000000000000000000000000000000000001000000000000000000000000001100000000000000000001000000000000000100000000000000001100000000000000000000000111000000000000000000000000000000000000000000000000000000000000000001
0100000000000000000000000000000000000000000001000000000000000000000000000100000000000000000001000000000000000100000000000000011000000000000000000000000001100000000000000000000000000000000000000000000000000000000000000001
0100000000000000000000000000000000000000000001100000000000000000000000000110000000000000000001000000000000000000000000000000010000000000000000000000000000110000000001000000000000000000000000000000000000000000000000000001
0100000000000000000000000000000000000000000000100000000000000000000000000010000000000000000001000000000000000110000000000000010000000000000000000000000000011000000001000000000000000000000000000000000000000000000000000001
0100000000000000000000000000000000000000000000110000000000000000000000000011000000000000000001000000000000000010000000000000100000000000000000000000000000001110000001000000000000000000000000000000000000000000000000000001
0100000000000000000000000000000000000000000000010000000000000000000000000001100000000000000001000000000000000010000000000000100000000000000000000000000000000011000000000000000000000000000000000000000000000000000000000001
0100000000000000000000000000000000000000000000011000000000000000000000000000100000000000000010000000000000000001000000000000100000000000000110000000000000000001100000000000000000000000000000000000000000000000000000000001
0100000000000000000000000000000000000000000000001000000000000000000000000000100000000000000010000000000000000001100000000000100000000000001100011000000000000000111000000000000000000000000000000000000000000000000000000001
0100000000000000000000000000000000000000000000001000000000000000000000000000010000000000000010000000000000000000110000000001000000000000011000001100000000000000001100000000000000000000000000000000000000000000000000000001
0100000000000000000000000000000000000000000000000100000000000000000000000000010000000000000010000000000000000000011000000001000000000000000000000101000000000000000110000000000000000000000000000000000000000000000000000001
0100000000000000000000000000000000000000000000000110000000000000000000000000010000000000000010000000000000000000001000000001000000000000000000000001000000000000000011100000000000000000000000000000000000000000000000000001
0100000000000000000000000000000000000000000000000010000000000000000000000000001000000000000010000000000000000000000000000001000000000000000000000000100000000000000000100000000000000000000000000000000000000000000000000001
0100000000000000000000000000000000000000000000000010000000000000000000000000001000000000000010000000000000000000000000000001000000000000000000000000100000000000000000110000000000000000000000000000000000000000000000000001
0100000000000000000000000000000000000000000000000001000000000000000000000000001000000000000010000000000000000000000000000010000000000000000000000000000000000000000000011000000000000000000000000000000000000000000000000001
0100000000000000000000000000000000000000000000000001100000000000000000000000001000000000000010000000000000000000000000000010000000000000000000000000010000000111000000001100000000000000000000000000000000000000000000000001
0100000000000000000000000000000000000000000000000000100000000000000000000000000100000000000010000000000000000000000000000010000000000000000000000000011000000001000000000110000000000000000000000000000000000000000000000001
0100000000000000000000000000000000000000000000000000100000000000000000000000000100000000000010000000000000000000000000000010000000000000000000000000101000000001000000000011100000000000000000000000000000000000000000000001
0100000000000000000000000000000000000000000000000000010000000000000000000000000100000000000010000000000000000000000000000100000000000000000000000000101100000000000000000000011111000000000000000000000000000000000000000001
0100000000000000000000000000000000000000000000000000010000000000000000000000000010000000000001000000000000000000000000000100000000000000000000000000000000011111000000000000000000111000000000000000000000000000000000000001
0100000000000000000000000000000000000000000000000000010000000000000000000000000010000000000001000000000001000000000000000100000000000000000000000000001111100000000000000000000000001100000000000000000000000000000000000001
0100000000000000000000000000000000000000000000000000001000000000000000000000000010000000000001000000000000000000000000000100000000000000000000000000110000000000000000000000000000000110000000000000000000000000000000000001
0100000000000000000000000000000000000000000000000000001000000000000000000000000001000000000001000000000000000001000000000100000000000000000000000011100000000000000000000000000000000011000000000000000000000000000000000001
0100000000000000000000000000000000000000000000000000000100000000000000000000000001000000000001000000000000000000000000001000000000000000000000000110000000000000000000000000000000000001100000000000000000000000000000000001
0100000000000000000000000000000000000000000000000000000100000000000000000000000001000000000001000000000000000000000000001000000000000000000000001100000000000000000000000000000000000000110000000000000000000000000000000001
0100000000000000000000000000000000000000000000000000000110000000000000000000000001000000000001000000000000000000000000001000000000000000000000011000000000000000000000000000000000000000011000000000000000000000000000000001
0100000000000000000000000000000000000000000000000000000010000000000000000000000001000000000001000000000000000000000000011000000000000000000000010000000000000000000000000000000000000000001000000000000000000000000000000001
0100000000000000000000000000000000000000000000000000000011000000000000000000000000100000000001010000000000000000000000001000000000000000000000010000000000000000000000000000000000000000000100000000000000000000000000000001
0100000000000000000000000000000000000000000000000000000001000000000000000000000000100000000010010000000000000000000000010000000000000000000000100000000000000000000000000000000000000000000100000000000000000000000000000001
0100000000000000000000000000000000000000000000000000000001100100000000000000000000100000000010000001110000000000000000010000000000000000000000100000000000000000000000000000000000000000000100000000000000000000000000000001
0100000000000000000000000000000000000000000000000000000000100100000000000000000000100000000010000000011000001000000000010000000000000000000000100000000000000010000000000000000000000000000010000000000000000000000000000001
0100000000000000000000000000000000000000000000000000000000100010000000000000000000010000000010000000001110000000000000010000000100000000000001000000000010000001100000000000000000000000000010000000000000000000000000000001
0100000000000000000000000000000000000000000000000000000000010010000000000000000000010000000010000000000011110000000000010000000000000000000001000000000000000000100000000000000000000000000010000000000000000000000000000001
0100000000000000000000000000000000000000000000000000000000010010000000000000000000010000000010000000000000011100000000100000000000000000000001000000000000000000000000000000000000000000000010000000000000000000000000000001
0100000000000000000000000000000000000000000000000000000000010011000000000000000000010000000100000000000000000110000010100000000000000000000001000000000000000000000000000000000000000100000010000000000000000000000000000001
0100000000000000000000000000000000000000000000000000000000010000000000000000000000010000000100000000000000000011100001000000000000000000000010000000000000000000000000000000000001110000000010000000000000000000000000000001
0100000000000000000000000000000000000000000000000000000000010000000000000000000000001000000100000000000000000000111000100000000000000000000010000000000000000000000001100000000011010000000010000000000000000000000000000001
0100000000000000000000000000000000000000000000000000000000001000000000000000000000001000001000000000000000000000001101100000000000000000000010000000100000000000000000100000100100010000000010000000000000000000000000000001
0100000000000000000000000000000000000000000000000000000000001000000000000000000000001000111000000000000000000000000111000000000000000000000010000000100000000000000000110000001000000001010010000000000000000000000000000001
0100000000000000000000000000000000000000000000000000000000001000000000000000000000001101100000000000000000000000000000000000000000000000000100000000000000000000000000010001100000001000100010000000000000000000000000000001
0100000000000000000000000010000000000000000000000000000000001000000000000000000000000101000000010000000000000000000000000000000000000000000100000000000000000000000000000110000000000000010010000000000000000000000000000001
0100000000000000000000000010000000000000000000000000000000000100000000000000000000000100000000001000000000000000000000000000000000000000000100000000000000000000000010000100000000000000010010000000000000000000000000000001
0100000000000000000000000000000000000000000000000000000000000100000000000000011000000100000000000000000000000000000000000000000000000000000100000000000000000000000010011000000000000000000010000000000000000000000000000001
0100000000000000000000000000000000000000000000000000000000000100000000000000001000000100000000000000000000000000000100000100000000000000000100000000000000000000000011100000000000000001000010000000000000000000000000000001
0100000000000000000000000000000000000000000000000000000000000100000000000000000000000100000000000000000000000000100000000000000000000000001000000000000000000000000110000000000000000000000010000000000000000000000000000001
0100000000000000000000000000000000000000000000000000000000000100000000000000010000001100000000000000000000000000010000000000000000000000001000000000000000000000000100000000000000000000000010000000000000000000000000000001
0100000000000000000000000000000000000000000000000000000000000100000000000000000001001000000000000000000000000000000000000000000000000000001000000000000000000000001100000000000000000000000010000000000000000000000000000001
0100000000000000000000000000000000000000000000000000000000000100000000000000000111011000000000000000000000000000010000000000000000000000010000000000000000000000001000000000000000000000000010000000000000000000000000000001
0100000000000000000000000000000000000000000000000000000000000100000000000000000101010000000000000000000000000000011000000000011000000000010000000000000000000000001000000000000000000010000011000000000000000000000000000001
0100000000000000000000000000000000000000000000000000000000000100000000000000001000010000000000000000000000000000001100000000000111000000010000000000000000000000011000000000000000000011110001000000000000000000000000000001
0100000000000000000000000000000000000000000000000000000000000100000000000000000000000000000000000000000000000000000100000000000001100000110000000000000000000000010000000000000000000000010001000000000000000000000000000001
0100000000000000000000000010000000000000000000000000000000000100000000000000000000000000000000000000000000000000000100000000000000000000100000000000000000000000010000000000000000000000010001000000000000000000000000000001
0100000000000000000000000000000000000000000000000000000000000100000000000000000000000000000000000000000000000000000110000000000000000000100000000000000000000000100000000000000000001111111001000000000000000000000000000001
0100000000000000000000000000000000000000000000000000000000000100000000000000000000000000000000000000000000000000000011000000000000000000100000000000000000000000100000000000010111111000000001000000000000000000000000000001
0100000000000000000000000000000000000000000000000000000000000100000000000000000000000000000000000000000000000000000000000000000000000000100000000000000000000000100000000000000000000000000001000000000000000000000000000001
0100000000000000000000000000000000000000000000000000000000000100000000000000000000000000000000000000000000000000000000000000000000000000100000000000000000000001000000000000000000000000000001000000000000000000000000000001
0100000000000000000000000000000000000000000000000000000000000100000000000000000000000000000000000000000000000000000000000000000000000000100000000000000000000000100000000000000000000000000001000000000000000000000000000001
0100000000000000000000000000000000000000000000000000000000000100000000000000000000000000000000000000000000000000000000000000000000000000000000000000000000000000100000000000000000000000000001000000000000000000000000000001
0100000000000000000000000000000000000000000000000000000000000010000000000000000000000000000000000000000000000000000000000000000000000000000000000000000000000000100000000000000000000000000001000000000000000000000000000001
0100000000000000000000000000000000000000000000000000000000000010000000000000000000000000000000000000000000000000000000000000000000000000000000000000000000000000100000000000000000000000000001000000000000000000000000000001
0100000000000000000000000000000000000000000000000000000000000010000000000000000000000000000000000000000000000000000000000000000000000000000000000000000000000000100000000000000000000000000001000000000000000000000000000001
0100000000000000000000000000000000000000000000000000000000000010000000000000000000000000000000000000000000000000000000000000000000000000000000000000000000000000100000000000000000000000000001000000000000000000000000000001
0100000000000000000000000000000000000000000000000000000000000001000000000000000000000000000000000000000000000000000000000000000000000000000010000000000000000001100000000000000000000000000001000000000000000000000000000001
0100000000000000000000000010000000000000000000000000000000000001000000000000000000000000000000000000000000000000000000000000000000000000000011110000000000000011000000000000000000000000000001000000000000000000000000000001
0100000000000000000000000000000000000000000000000000000000000001000000000000000000000000000000000000000000000000000000000000000000000000000000011000000000000110000000000000000000000000000001000000000000000000000000000001
0100000000000000000000000000000000000000000000000000000000000001000000000000000000000000000000000000000000000000000000000000100000000000000000000000000000000000000000000000000000000000000001000000000000000000000000000001
0100000000000000000000000000000000000000000000000000000000000001000000000000000000000000000000000000000000000000000000000000000000000000000000000101000000000000000000000000000000000000000001000000000000000000000000000001
0100000000000000000000000000000000000000000000000000000000000001000000000000000000000000000000000000000000000000000000000000000000000000000000000101100000000000000000000000000000000000000001000000000000000000000000000001
0100000000000000000000000000000000000000000000000000000000000000100000000000000000000000000000000000000000000000000000000000000000000000000000000000110000000000000000000000000000000000000001000000000000000000000000000001
0100000000000000000000000000000000000000000000000000000000000000100100000000000000000000000000000000000000000000000000000000000000000000000000000000011000000000000000000000000000000000000001000000000000000000000000000001
0100000000000000000000000000000000000000000000000000000000000000111100000000000000000000000000000000000000000000000000000000000000000000000000000000001000000000000000000000000000000000000001000000000000000000000000000001
0100000000000000000000000000000000000000000000000000000000000000001100000000000000000000000000000000000000000000000000000000000000000000000000000000000000000000000000000000000000000000000001000000000000000000000000000001
0100000000000000000000000000000000000000000000000000000000000000000100000000000000000000000000000000000000000000000000000000000000000001000000000000000000000000000000000000000000000000000001000000000000000000000000000001
0100000000000000000000000010000000000000000000000000000000000000000100000000000000000000000000000000000000000000000000000000000000000110000000000000000000000000000000000000000000000000000001000000000000000000000000000001
0100000000000000000000000000000000000000000000000000000000000000000100000000000000000000000000000000000000000000000000000000000000000000000000000000000000000000000000000000000000000000000001000000000000000000000000000001
0100000000000000000000000000000000000000000000000000000000000000000100000000000000000000000000000000000000000000000000000000000000000000000000000000000000000000000000000000000000000000000001000000000000000000000000000001
0100000000000000000000000000000000000000000000000000000000000000000100000000000000000000000000000000000000000000000000000000000000000000000000000000000000000000000000000000000000000000000001000000000000000000000000000001
0100000000000000000000000000000000000000000000000000000000000000000100000000000000000000000000000000000000000000000000000000000000001000000000000000000000000000000000000000000000000000000001000000000000000000000000000001
0100000000000000000000000000000000000000000000000000000000000000000010000000000000000000000000000000000000000000000000000000000000000000000000000000000000000000000000000000000000000000000001000000000000000000000000000001
0100000000000000000000000000000000000000000000000000000000000000000010000000000000000000000000000000000000000000000000000000000000000000000000000000000000000000000000000000000000000000000001000000000000000000000000000001
0100000000000000000000000000000000000000000000000000000000000000000011000000000000000000000000000000000000000000000000000000000000000000000000000000000000000000000000000000000000000000000001000000000000000000000000000001
0100000000000000000000000000000000000000000000000000000000000000000001000000000000000000000000000000000000000000000000000000000000000000000000000000000000000000000000000000000000000000000001000000000000000000000000000001
0100000000000000000000000000000000000000000000000000000000000000000001000000000000000000000000000000000000000000000000000000000000000000000000000000000000000000000000000000000000000000000010000000000000000000000000000001
0100000000000000000000000000000000000000000000000000000000000000000000100000000000000000000000000000000000000000000000000000000000000000000000000000000000000000000000000000000000000000000010000000000000000000000000000001
0100000000000000000000000000000000000000000000000000000000000000000000100000000000000000000000000000000000000000000000000000000000000000000000000000000000000000000000000000000000000000000010000000000000000000000000000001
0100000000000000000000000000000000000000000000000000000000000000000000010000000000000000000000000000000000000000000000000000000000000000000000000000000000000000000000000000000000000000000010000000000000000000000000000001
0100000000000000000000000000000000000000000000000000000000000000000000010000000000000000000000000000000000000000000000000000000000000000000000000000000000000000000000000000000000000000000010000000000000000000000000000001
0100000000000000000000000000000000000000000000000000000000000000000000011000000000000000000000000000000000000000000000000000000000000000000000000000000000000000000000000000000000000000000010000000000000000000000000000001
0100000000000000000000000000000000000000000000000000000000000000000000001000000000000000000000000000000000000000000000000000000000000000000000000000000000000000000000000000000000000000000010000000000000000000000000000001
0100000000000000000000000010000000000000000000000000000000000000000000001100000000000000000000000000000000000000000000000000000000000000000000000000000000000000000000000000000000000000000010000000000000000000000000000001
0100000000000000000000000010000000000000000000000000000000000000000000000100000000000000000000000000000000000000000000000000000000000000000000000000000000000000000000000000000000000000000010000000000000000000000000000001
0100000000000000000000000000000000000000000000000000000000000000000000000110000000000000000000000000000000000000000000000000000000000000000000000000000000000000000000000000000000000000000100000000000000000000000000000001
0100000000000000000000000000000000000000000000000000000000000000000000000011000000000000000000000000000000000000000000000000000000000000000000000000000000000000000000000000000000000000000100000000000000000000000000000001
0100000000000000000000000000000000000000000000000000000000000000000000000001000000000000000000000000000000000000000000000000000000000000000000000000000000000000000000000000000000000000000100000000000000000000000000000001
0100000000000000000000000000000000000000000000000000000000000000000000000001100000000000000000000000000000000000000000000000000000000000000000000000000000000000000000000000000000000000000100000000000000000000000000000001
0100000000000000000000000000000000000000000000000000000000000000000000000000100000000000000000000000000000000000000000000000000000000000000000000000000000000000000000000000000000000000001000000000000000000000000000000001
0100000000000000000000000000000000000000000000000000000000000000000000000000000000000000000000000000000000000000000000000000000000000000000000000000000000000000000000000000000000000000001000000000000000000000000000000001
0111111111111111111111111111111111111111111111111111111111111111111111111111111111111111111111111111111111111111111111111111111111111111111111111111111111111111111111111111111111111111111111111111111111111111111111111111
