0000000000000000000000000000000000000000000000000000000000000000000000000000000000000000000000000000000000000000000000000000000000000000000000000000000000000000000000000000000000000000000000000000000000000000000000000000
0255255255255255255255255255255255255255255255255255255255255255255255255255255255255255255255255255255255255255255255255255255255255255255255255255255255255255255255255255255255255255255255255255255255255255255255255255255255255255255255255255255255255255255255255255255255255255255255255255255255255255255255255255255255255255255255255255255255255255255255255255255255255255255255255255255255255255255255255255255255255255255255255255255255255255255255255255255255255255255255255255255255255255255255255255255255255255255255255255255255255255255255255255255255255255255255255255255255255255255255255255255255255255255255255255255255255255255255255255255255
025500000000000000000000000000000000000000000000000000000000000000000000000000000000000000000000000000000000000000000000000000000000000000000000000000000000000000000000000002550255000000000000000000000000000000000000000000000255
025500000000000000000000000000000000000000000000000000000000000000000000000000000000000000000000000000000000000000000000000000000000000000000000000000000000000000000000000002550255000000000000000000000000000000000000000000000255
025500000000000000000000000000000000000000000000000000000000000000000000000000000000000000000000000000000000000000000000000000000000000000000000000000000000000000000000000002550255000000000000000000000000000000000000000000000255
025500000000000000000000000000000000000000000000000000000000000000000000000000000000000000000000000000000000000000000000000000000000000000000000000000000000000000000000000002550255000000000000000000000000000000000000000000000255
0255000000000000000000000000000000000000000000000000000000000000000000000000000000000000000000000000000000000000000000000000000000000000000000000000000000000000000000000000000255000000000000000000000000000000000000000000000255
0255000000000000000000000000000000000000000000000000000000000000000000000000000000000000000000000000000000000000000000000000000000000000000000000000000000000000000000000000025500000000000000000000000000000000000000000000000255
0255000000000000000000000000000000000000000000000000000000000000000000000000000000000000000000000000000000000000000000000000000000000000000000000000000000000000000000000000025500000000000000000000000000000000000000000000000255
0255000000000000000000000000000000000000000000000000000000000000000000000000000000000000000000000000000000000000000000000000000000000000000000000000000000000000000000000000025500000000000000000000000000000000000000000000000255
0255000000000000000000000000000000000000000000000000000000000000000000000000000000000000000000000000000000000000000000000000000000000000000000000000000000000000000000000000025500000000000000000000000000000000000000000000000255
0255000000000000000000000000000000000000000000000000000000000000000000000000000000000000000000000000000000000000000000000000000000000000000000000000000000000000000000000000025500000000000000000000000000000000000000000000000255
0255000000000000000000000000000000000000000000000000000000000000000000000000000000000000000000000000000000000000000000000000000000000000000000000000000000000000000000000000025500000000000000000000000000000000000000000000000255
02550000000000000000000000000000000000000000000000000000000000000000000000000000000000000000000000000000000000000000000000000000000000000000000000000000000000000000000000000000000000000000000000000000000000000000000000000255
0255000000000000000000000000000000000000000000000000000000000000000000000000000000000000000000000000025525525525525525500000000000000000000000000000000000000000000000000000000000000000000255000000000000000000000000000000000000000000000255
02550000000000000000000000000000000000000000000000000000000000000000000000000000000000000000000000255255255000000255255255000000000000000000000000000000000000000000000000000000000000000000000000000000000000000000000000000000000000000255
0255000000000000000000000000000000000000000000000000000000000000000000000000000000000000000000000255255000000000025525500000000000000000000000000000000000000000000000000000000000000000000000000000000000000000000000000000000000000255
025500000000000000000000000000000000000000000000000000000000000000000000000000000000000000000000255255000000000000255255000000000000000000000000000000000000000000000000000000000000000255000000000000000000000000000000000000000000000255
02550000000000000000000000000000000000000000000000000000000000000000000000000000000000000000000255255000000000000002552550000000000000000000000000000000000000000000000000000000000002550255000000000000000000000000000000000000000000000255
0255000000000000000000000000000000000000000000000000000000000000000000000000000000000000000000025500000000000000002550000000000000000000000000000000000000000000000000000000000002550255000000000000000000000000000000000000000000000255
0255000000000000000000000000000000000000000000000000000000000000000000000000000000000000000000255255000000000000000025500000000000000000000000000000000000000000000000000000000000000255000000000000000000000000000000000000000000000255
025500000000000000000000000000000000000000000000000000000000000000000000000000000000000000000025500000000000000000025500000000000000000000000025525525525525525500000000000000000000000000000000000000000000000000000000000000000000000000000255
02550000000000000000000000000000000000000000000000000000000000000000000000000000000000000000002550000000000000000002550000000000000000000002552552550000002552552550000000000000000000000000025500000000000000000000000000000000000000000000000255
025500000000000000000000000000000000000000000000000000000000000000000000000000000000000000000025500000000255000000000255000000000000000000002552550000000000255255000000000000000000000000025500000000000000000000000000000000000000000000000255
0255000000000000000000000000000000000000000000000000000000000000000000000000000000000000000002550000000025525500000000025500000000000000000002552550000000000002552550000000000000000000000002550255000000000000000000000000000000000000000000000255
02550000000000000000000000000000000000000000000000000000000000000000000000000000000000000000025500000000255000000000025500000000000000000025525500000000000000255255000000000000000000000002550255000000000000000000000000000000000000000000000255
0255000000000000000000000000000000000000000000000000000000000000000000000000000000000000000002550000000000000000000255000000000000000000255000000000000000025525500000000000000000000002550255000000000000000000000000000000000000000000000255
025500000000000000000000000000000000000000000000000000000000000000000000000000000000000000000025500000000000000000025500000000000000000025500000000000000000255000000000000000000000025500000000000000000000000000000000000000000000000255
0255000000000000000000000000000000000000000000000000000000000000000000000000000000000000000000255000000000000000000255000000000000000000255000000000000000002550000000000000000000000000000000000000000000000000000000000000000000000255
0255000000000000000000000000000000000000000000000000000000000000000000000000000000000000000000255000000000000000000025500000000000000002550000000000000000002550000000000000000000000000000000000000000000000000000000000000000000000255
02550000000000000000000000000000000000000000000000000000000000000000000000000000000000000000002550000000000000000000255000000000000000025500000025525500000000002550000000000000000000000000000000000000000000000000000000000000000000000255
02550000000000000000000000000000000000000000000000000000000000000000000000000000000000000000000255000000000000000000255000000000000000025500000025500000000000255000000000000000000000025500000000000000000000000000000000000000000000000255
025500000000000000000000000000000000000000000000000000000000000000000000000000000000000000000002550000000000000000002550000000000000000255000000000000000000255000000000000000000000025500000000000000000000000000000000000000000000000255
025500000000000000000000000000000000000000000000000000000000000000000000000000000000000000000002550000000000000000002550000000000000000255000000000000000000255000000000000000000000025500000000000000000000000000000000000000000000000255
0255000000000000000000000000000000000000000000000000000000000000000000000000000000000000000000025500000000000000000025500000000000000002550000000000000000002550000000000000000000000000000000000000000000000000000000000000000000000255
025500000000000000000000000000000000000000000000000000000000000000000000000000000000000000000002550000000000000000000255000000000000000255000000000000000000255000000000000000000000000000000000000000000000000000000000000000000002550255
0255000000000000000000000000000000000000000000000000000000000000000000000000000000000000000000025500000000000000000002550000000000000002550000000000000000025500000000000000000000000000000000000000000000000000000000000000000000000255
025500000000000000000000000000000000000000000000000000000000000000000000000000000000000000000002550000000000000000000255000000000002550025500000000000000000025500000000000000000000000000000000000000000000000000000000000000000000000255
0255000000000000000000000000000000000000000000000000000000000000000000000000000000000000000000025500000000000000000002550000000000000025500000000000000000025500000000000000000000000000000000000000000000000000000000000000000000000255
0255000000000000000000000000000000000000000000000000000000000000000000000000000000000000000000025500000000000000000002550000000000002550255000000000000000000255000000000000000000000002550255000000000000000000000000000000000000000000000255
025500000000000000000000000000000000000000000000000000002552550000000000000000000000000000000000000255000000000000000000025500000000000000255000000000000000000255000000000000000000000002550255000000000000000000000000000000000000000000000255
025500000000000000000000000000000000000000000000000025525525525500255255255255000000000000000000000000000000000255000000000000000000025500000000000002550000000000000000000255000000000000000000000002550255000000000000000000000000000000000000000000000255
0255000000000000000000000000000000000000000000000025525525500000000255255000000000000000000000000000000002550000000000000000000025500000000000025500000000000000000002550000000000000000000000025500000000000000000000000000000000000000000000000255
02550000000000000000000000000000000000000000000002552550000000000025525500000000000000000000000000000002550000000000000000000025500000000000025500000000000000000002550000000000000000000000025500000000000000000000000000000000000000000000000255
025500000000000000000000000000000000000000000000025500000000000002552550000000000000000000000000000002550000000000000000000025500000000000025500000000000000000002550000000000000000000000025500000000000000000000000000000000000000000000000255
02550000000000000000000000000000000000000000000025525500000000000000255255000000000000000000000000000000255000000000000000025500255000000000000255000000000000000000025500000000000000000000000000000000000000000000000000000000000000000000000255
0255000000000000000000000000000000000000000000002550000000000000000255000000000000000000000000000000255000000000000000000002550000000000025500000000000000000002550000000000000000000000002552552552552552552550000000000000000000000000000000000000000255
02550000000000000000000000000000000000000000000025500000000000000002552550000000000000000000000000000025500000000000000000000255000000000002550000000000000000000255000000000000000000000002552550000002552552550000000000000000000000000000000000000255
0255000000000000000000000000000000000000000000025500000000000000000025500000000000000000000000000000255000000000000000000002550000000000025500000000000000000002550000000000000000000000255255000000000255255000000000000000000000000000000000000255
025500000000000000000000000000000000000000000002550000000000000000002550000000000000000000000000000025500000000000000000255002550000000000025500000000000000000002550000000000000000000002552550000000000025525500000000000000000000000000000000000255
02550000000000000000000000000000000000000000000255000000000000000000025500000000000000000000000000000255000000000000000000025500000000000255000000000000000000025500000000000000000000255255000000000000025500000000000000000000000000000000000255
02550000000000000000000000000000000000000000000255000025500000000000000255000000000000000000000000000002550000000000000000000255000000000002550000000000000000000255000000000000000000002550000000000000025500000000000000000000000000000000000255
0255000000000000000000000000000000000000000000025500025500000000000000025500000000000000000000000000000255000000000000000000002550000000000255000000000000000000025500000000000000000002552550000000000000025500000000000000000000000000000000000255
02550000000000000000000000000000000000000000000255000255000000000000000025500000000000000000000000000002550000000000000000000025500000000002550000000000000000000255000000000000000000025500000000000000002550000000000000000000000000000000000255
02550000000000000000000000000000000000000000000025500255000000000000000025500000000000000000000000000002550000000000000000000025500000000002550000000000000000000255000000000000000000025500000000000000025500000000000000000000000000000000000255
02550000000000000000000000000000000000000000000025500255000000000000000025500000000000000000000000000002550000000000000000000025500000000002550000000000000000000255000000000000000000025500002550025525500000025500000000000000000000000000000000000255
02550000000000000000000000000000000000000000000025500000000000000000000255000000000000000000000000000255000000000000000000002550000000000255000000000000000000025500000000000000000025500002552550255255000000025500000000000000000000000000000000000255
025500000000000000000000000000000000000000000000255000000000000000000002550000000000000000000000000002550025500000000000000000255000000000025500000000000000000002550000000000000000002550002552550000000000025500000000000000000000000000000000000255
02550000000000000000000000000000000000000000000002550000000000000000000025500000000000000000000000000255000000000000000000000255000000000255000000000000000000025500000000000000000025500025500000000000025500000000000000000000000000000000000255
02550000000000000000000000000000000000000000000002550000000000000000000025500000000000000000000000000255000000000000000000000255000000000255000000000000000000025500000000000000000025500025500000000000025500000000000000000000000000000000000255
025500000000000000000000000000000000000000000000025500000000000000000000255000000000000000000000000000255000000000000000000002550000000002550000000000000000000255000000000000000002550000000000000000025500000000000000000000000000000000000255
025500000000000000000000000000000000000000000000025500000000000000000000025500000000000000000000000000255000000000000000000002550000000002550000000000000000000255000000000000000002550000000000000000025500000000000000000000000000000000000255
025500000000000000000000000000000000000000000000025500000000000000000000025500000000000000000000000000255000000000000000000000255000000002550000000000000000000255000000000000000002550000000000000000255000000000000000000000000000000000000255
02550000000000000000000000000000000000000000000000255000000000000000000002550000000000000000000000000025500255000000000000000000255000000002550000000000000000000255000000000000000002550000000000000000255000000000000000000000000000000000000255
025500000000000000000000000000000000000000000000002550000000000000000000002550000000000000000000000000255000000000000000000000255000000002550000000000000000000255000000000000000025500000000000000000255000000000000000000000000000000000000255
025500000000000000000000000000000000000000000000002550000000000000000000002550000000000000000000000000255000000000000000000000255000000002550000000000000000000255000000000000000025500000000000000000255000000000000000000000000000000000000255
025500000000000000000000000000000000000000000000002550000000000000000000002550000000000000000000000000255000000000000000000000025500000002550000000000000000000255000000000000000025500000000000000000255000000000000000000000000000000000000255
025500000000000000000000000000000000000000000000000255000000000000000000002550000000000000000000000000255000000000000000000000025500000002550000000000000000000255000000000000000025500000000000000000255000000000000000000000000000000000000255
025500000000000000000000000000000000000000000000000255000000000000000000000255000000000000000000000000025500000000000000000000025500000002550000000000000000000255000000000000000255000000000000000000255000000000000000000000000000000000000255
025500000000000000000000000000000000000000000000000255000000000000000000000255000000000000000000000000025500000000000000000000002550000025500000000000000000000025500000000000000255000000000000000000255000000000000000000000000000000000000255
02550000000000000000000000000000000000000000000000002550000000000000000000025500000000000000000000000002550000000000000000000255002550000025500000000000000000000025500000000000000255000000000000000002550000000000000000000000000000000000000255
02550000000000000000000000000000000000000000000000002550000000000000000000002550000000000000000000000002550000000000000000000255002550000025500000000000000000000025500000000000000255000000000000000002550000000000000000000000000000000000000255
025500000000000000000000000000000000000000000000000025500000000000000000000025500000000000000000000000025500000000000000000002550025525500002550000000000000000002550025500000000000000255000000000000000002550000000000000000000000000000000000000255
02550000000000000000000000000000000000000000000000000255000000000000000000000255000000000000000000000002550000000000000000000255000255000025500000000000000000000025500000000000002550000000000000000002550000000000000000000000000000000000000255
025500000000000000000000000000000000000000000000000002550025525500000000000000000255000000000000000000000002550000000000000000000025500255000025500000000000000000000025500000000000002550000000000000000025500000000000000000000000000000000000000255
02550000000000000000000000000000000000000000000000000255000000000000000000000255000000000000000000000000255000000000000000000025500025500025500000000000000000000025500000000000002550000000000000000025500000000000000000000000000000000000000255
025500000000000000000000000000000000000000000000000002550000000000000000000002550000000000000000000000002550000000000000000000000025500025500000000000000000000025500000000000002550000000000000000025500000000000000000000000000000000000000255
02550000000000000000000000000000000000000000000000000025500000000000000000000025500000000000000000000000255000000000000000000002550002550025500000000000000000000025500000000000002550000000000000000025500000000000000000000000000000000000000255
02550000000000000000000000000000000000000000000000000025500000000000000000000025500000000000000000000000255000000000000000000002550002550025500000000000000000000025500000000000002550000000000000000255000000000000000000000000000000000000000255
025500000000000000000000000000000000000000000000000000255000000000000000000000255255000000000000000000000025500000000000000000000255000255002550000000000000000000002550000000000002550000000002550000000255000000000000000000000000000000000000000255
02550000000000000000000000000000000000000000000000000025500000000000000000000002550000000000000000000000255000000000000000000000255000255025500000000000000000000025500000000000025500000000000000000255000000000000000000000000000000000000000255
0255000000000000000000000000000000000000000000000000000255000000000000000000000255255000000000000000000000255000000000000000000000025500255025500000000000000000000025500000000000025500000000000000000255000000000000000000000000000000000000000255
02550000000000000000000000000000000000000000000000000002550000000000000000000000255000000000000000000000255000000000000000000000025500255025500000000000000000000002550000000000025500000000000000000255000000000000000000000000000000000000000255
02550000000000000000000000000000000000000000000000000002550000000000000000000000255255000000000000000000000255000000000000000000000000255025500000000000000000000002550000000000255000000000000000002550000000000000000000000000000000000000000255
025500000000000000000000000000000000000000000000000000025500000000000000000000000255000000000000000000000255000000000000000000000000255025500000000000000000000002550000000000255000000000000000002550000000000000000000000000000000000000000255
0255000000000000000000000000000000000000000000000000000255000000000000000000000002552550000000000000000000025500000000000025500000000000255025500000000000000000000002550000000000255000000000000000002550000000000000000000000000000000000000000255
0255000000000000000000000000000000000000000000000000000025500000000000000000000000255000000000000000000002550000000000002552550000000000255025500000000000000000000002550000000000255000000000000000002550000000000000000000000000000000000000000255
0255000000000000000000000000000000000000000000000000000025500000000000000000000000255255000000000000000000025500000255255255000002550000000002550025500000000000000000000002550000000002550000000000000000002550000000000000000000000000000000000000000255
025500000000000000000000000000000000000000000000000000002550000000000000000000000002550000000000000000000255000000000000000000000002550025500000000000000000000002550000000002550000000000000000002550000000000000000000000000000000000000000255
02550000000000000000000000000000000000000000000000000000255000000000000000000000000255255000000000000000000255000000000000000000000002550025500000000000000000000002550000000002550000000000000000002550000000000000000000000000000000000000000255
02550000000000000000000000000000000000000000000000000000255000000000000000000000000025500000000000000000025500000000000025500000000002550025500000000000000000000002550000000025500000000000000000002550000000000000000000000000000000000000000255
02550000000000000000000000000000000000000000000000000000025500000000000000000000000025525500000000000000000255000000000002552550000000000255255025500000000000000000000002550000000025500000000000000000025500000000000000000000000000000000000000000255
0255000000000000000000000000000000000000000000000000000002550000000000000000000000000255000000000000000002550000000000000000000002550000000000000000000000000002550000000025500000000000000000025500000000000000000000000000000000000000000255
0255000000000000000000000000000000000000000000000000000002550000000000000000000000000025500000000000000002550000000000000000000002550000000000000000000000000002550000000255000000000000000000025500000000000000000000000000000000000000000255
0255000000000000000000000000000000000000000000000000000002550000000000000000000000000025500000000000000000255000000000000000000000255000000000000000000000000002550000000255000000000000000000025500000000000000000000000000000000000000000255
0255000000000000000000000000000000000000000000000000000002550000000000000000000000000025500000000000000000255000000000000000000000255000000000000000000000000002550000000255000000000000000000025500000000000000000000000000000000000000000255
0255000000000000000000000000000000000000000000000000000000255000000000000000000000000002550000000000000000255000000000000000000002550000000000000000000000000002550000000255000000000000000000025500000000000000000000000000000000000000000255
02550000000000000000000000000000000000000000000000000000002550000000000000000000000000025500000000000000002550000000000000000000000000000000000000000000000002550000002550000000000000000000025500000000000000000000000000000000000000000255
0255000000000000000000000000000000000000000000000000000000255000000000000000000000000000255000000000000000255000000000000000000002550000000000000000000000000025500000002550000000000000000000025500000000000000000000000000000000000000000255
0255000000000000000000000000000000000000000000000000000000025500000000000000000000000000255000000000000000255000000000000000000000255000000000000000000000000025500000025500000000000000000000255000000000000000000000000000000000000000000255
025500000000000000000000000000000000000000000000000000000002550000000000000000002550000000255000000000000000255000000000000000000000255000000000000000000000000025500000025500000000000000000000255000000000000000000000000000000000000000000255
0255000000000000000000000000000000000000000000000000000000002550000000000000000000000000025500000000000000255000000000000000000000255000000000000000000000000025500000025500000000000000000000255000000000000000000000000000000000000000000255
025500000000000000000000000000000000000000000000000000000000255000000255255255255000000000000000025500000000000000025500000000000000000000255000000000000000000000000025500000255000000000000000000000255000000000000000000000000000000000000000000255
02550000000000000000000000000000000000000000000000000000000025525500000255000000000000000000025500000000000000025500000000000000000000255000000000000000000000000025500000255000000000000000000000255000000000000000000000000000000000000000000255
0255000000000000000000000000000000000000000000000000000000000255000000000000000000000000002550000000000000025500000000000000000000255000000000000000000000000002550000255000000000000000000000255000000000000000000000000000000000000000000255
025500000000000000000000000000000000000000000000000000000000025525500000000000000000000000002550000000000000025500000000000000000000255000000000000000000000000025500002550000000000000000000002550000000000000000000000000000000000000000000255
0255000000000000000000000000000000000000000000000000000000000025500000000000000000000000002550000000000000002550000000000000000000255000000000000000000000000025500002550000000000000000000002550000000000000000000000000000000000000000000255
0255000000000000000000000000000000000000000000000000000000000025500000000000000000000000002550000000000000002550000000000000000000025500000000000000000000000025500002550000000000000000000002550000000000000000000000000000000000000000000255
025500000000000000000000000000000000000000000000000000000000002552550000000000000000000000000255000000000000002550000000000000000000025500000000000000000000000025500002550000000000000000000002550000000000000000000000000000000000000000000255
0255000000000000000000000000000000000000000000000000000000000002550000000000000000000000000255000000000000000255000000000000000000025500000000000000000000000002550002550000000000000000000025500000000000000000000000000000000000000000000255
02550000000000000000000000000000000000000000000000000000000000002550000000000000000000000002550000000000000002550000000000000000000000000000000000000000000002550025500000000000000000000025500000000000000000000000000000000000000000000255
0255000000000000000000000000000000000000000000000000000000000000255000000000000000000000000255000000000000000255000000000000000000000025500000000000000000000002550025500000000000000000000025500000000000000000000000000000000000000000000255
02550000000000000000000000000000255255255255255000000000000000000000000000255255000000000000000000000000255000000000000002550000000000000000000000255255000000000000000000255002550025500000000000000000000025500000000000000000000000000000000000000000000255
0255000000000000000000000000255255255255000002552552552550000000000000000000000002550000000000000000000000002550000000000000025500000000000000000000000255000000000000000000255002550025500000000000000000000255000000000000000000000000000000000000000000000255
0255000000000000000000000002552550000000000002552550000000000000000000000255000000000000000000000000025500000000000002550000000000000000000025500255255000000000000000000002550025500000000000000000000255000000000000000000000000000000000000000000000255
0255000000000000000000000025525500000000000000255255255000000000000000000000255000000000000000000000000255000000000000002550000000000000255255255255255255255000255000000000000000000002550255000000000000000000000255000000000000000000000000000000000000000000000255
025500000000000000000000025525500000000000000000255255000000000000000000002552550000000000000000000000025500000000000000255002550000000255255255000000000025525500000000000000000002550255000000000000000000000255000000000000000000000000000000000000000000000255
02550000000000000000000002550000000000000000000255255255000000000000000000025500000000000000000000000025500000000000002550025525500025525525500000000000000255255000000002550000000002550255000000000000000000000255000000000000000000000000000000000000000000000255
02550000000000000000000002550000000000000000000002552550000000000000000002550000000000000000000000002550000000000000255000002552550000000000000000000255255255255255255255255255255000000002550255000000000000000000000255000000000000000000000000000000000000000000000255
0255000000000000000000000255000000000000000000000025525500000000000000000025500000000000000000000000255000000000000025500000000000000000000000000000000000255255255000000255025500000000000000000255002550000000000000000000000000000000000000000000000255
0255000000000000000000000255255000000000000000000000025525500000000000000000255000000000000000000000000255000000000000255000000000000000000000000000000000000025525500000255025500000000000000000255002550000000000000000000000000000000000000000000000255
025500000000000000000000002550000000000000000000000025525500000000000000002550000000000000000000000002550000000000025525500000000000000000000000000000000000000255000002550255000000000000000000025500000000000000000000000000000000000000000000000255
025500000000000000000000002550000000000000000000000002552550000000000000000255000000000000000000000000255000000002552552550000000000000000000000000000000000000000255255025502550255000000000000000000025500000000000000000000000000000000000000000000000255
0255000000000000000000000002550000000000000000000000002552550000000000000002550000000000000000000000002552550000255255255000000000000000000000000000000000000000025500002550025500000000000000000000025500000000000000000000000000000000000000000000000255
025500000000000000000000000255255000000000000000000000000255000000000000000025500000000000000000000000025525525525525500000000000000000000000000000000000000000000000000000000000000000000002550025500000000000000000000000000000000000000000000000255
0255000000000000000000000000255000000000000000000000000255255000000000000000255000000000000000025525525500000000000000000000000000000000000000000000000000025500000000000000000000000000002550025500000000000000000000000000000000000000000000000255
025500000000000000000000000025525500000000000000000000000025525500000000000000255000000000000002552550000000000000000000000000000000000000000000000000000255255000000000000000000000000000002550025500000000000000000000000000000000000000000000000255
02550000000000000000000000000255000000000000000000000000025525500000000000000255000000000002552550000000000000000000000000000000000000000000000000000002550000000000000000000255000000000000025500000000000000000000000000000000000000000000000255
02550000000000000000000000000255255000000000000000000000000025500000000000000255000000002552552550000000000000000000000000000000000000000000000000000000255255000000000000000000025525500000000000025500000000000000000000000000000000000000000000000255
02550000000000000000000000000025500000000000000000000000002552550000000000000025500000025525500000000000000000000000000000000000000000000000000000000000000000000000000000002552550000000000025500000000000000000000000000000000000000000000000255
0255000000000000000000000000002550000000000000000000000000025500000000000000255000002552550000000000000000000000000000000000000000000000000000000000000000000000000000000002550000000000025500000000000000000000000000000000000000000000000255
0255000000000000000000000000000255000000000000000000000000025500000000000000025500025525500000000000000000000000000000000000000000000000000000000255000000000000000000000000025525525500000000255000000000000000000000000000000000000000000000000255
025500000000000000000000000000025500000000000000000000000000255000000000000002550025525500000000000000000000000000000000000000000000000000000000000000000000000000000000000002552550000000255000000000000000000000000000000000000000000000000255
025500000000000000000000000000002550000000000000000000000000255000000000000002550000000000000000000000000000000000000000000000000000000000000000000000000000000000000000002552552550000025500025500000000000000000000000000000000000000000000255
0255000000000000000000000000000025500000000000000000000000000255000000000000025500000000000000000000000000000000000000000000000000000000000000000000000000000000000000000000000000255000000000000000000000000000000000000000000000000255
0255000000000000000000000000000025500000000000000000000000000255000000000000025500000000000000000000000000000000000000000000000000000000000000000000000000000000000000000000000000255000000000000000000000000000000000000000000000000255
0255000000000000000000000000000002550000000000000000000000000255000000000000002550000000000000000000000000000000000000000000000000000000000000000000000000000000000000000000000000255000000000000000000000000000000000000000000000000255
0255000000000000000000000000000002550000000000000000000000000255000000000000002550000000000000000000000000000000000000000000000000000000000000000000000000000000000000000000000000255000000000000000000000000000000000000000000000000255
0255000000000000000000000000000002550000000000000000000000000255000000000000002550000000000000000000000000000000000000000000000000000000000000000000000000000000000000000000000000255000000000000000000000000000000000000000000000000255
0255000000000000000000000000000002550000000000000000000000000025500000000000002550000000000000000000000000000000000000000000000000000000000000000000000000000000000000000000000000255000000000000000000000000000000000000000000000000255
0255000000000000000000000000000000255000000000000000000000000025500000000000002550000000000000000000000000000000000000000000000000000000000000000000000000000000000000000000000000255000000000000000000000000000000000000000000000000255
0255000000000000000000000000000000255000000000000000000000000025500000000000000255000000000000000000000000000000000000000000000000000000000000000000000000000000000000000000000000255000000000000000000000000000000000000000000000000255
0255000000000000000000000000000000255000000000000000000000000002550000000000000255000000000000000000000000000000000000000000000000000000000000000000000000000000000000000000000000255000000000000000000000000000000000000000000000000255
0255000000000000000000000000000000025500000000000000000000000002550000000000000255000000000000000000000000000000000000000000000000000000000000000000000000000000000000000000000000255000000000000000000000000000000000000000000000000255
0255000000000000000000000000000000025500000000000000000000000002550000000000000255000000000000000000000000000000000000000000000000000000000000000000000000000000000000000000000000255000000000000000000000000000000000000000000000000255
0255000000000000000000000000000000025500000000000000000000000002550000000000000255000000000000000000000000000000000000000000000000000000000000000000000000000000000000000000000000255000000000000000000000000000000000000000000000000255
0255000000000000000000000000000000025500000000000000000000000002550000000000000255000000000000000000000000000000000000000000000000000000000000000000000000000000000000000000000000255000000000000000000000000000000000000000000000000255
025500000000000000000000000000000000255000000000000000000000000025500000000000025500000000000000000000000000000000000000000000000000000000000000000000000000000000000000000000000025502550000000000000000000000000000000000000000000000255
025500000000000000000000000000000000255000000000000000000000000025500000000000025500000000000000000000000000000000000000000000000000000000000000000000000000000000000000000000000025502550000000000000000000000000000000000000000000000255
025500000000000000000000000000000000025500000000000000000000000025500000000000025500000000000000000000000000000000000000000000000000000000000000000000000000000000000000000000000025502550000000000000000000000000000000000000000000000255
025500000000000000000000000000000000025500000000000000000000000025500000000000025500000000000000000000000000000000000000000000000000000000000000000000000000000000000000000000000025502550000000000000000000000000000000000000000000000255
02550000000000000000000000000000000002550000000000000000000000000255000000000000255002550000000000000000000000000000000000000000000000000000000000000000000000000000000000000000000255002550000000000000000000000000000000000000000000000255
025500000000000000000000000000000000025500000000000000000000000002550000000000002550000000000000000000000000000000000000000000000000000000000000000000000000000000000000000000000255002550000000000000000000000000000000000000000000000255
02550000000000000000000000000000000000255000000000000000000000000255000000000000255000002552552552552552552552550000000000000000000000000000000000000000000000000000000000000000000000000000000002550000000000000000000000000000000000000000000000000255
02550000000000000000000000000000000000255000000000000000000000000255000000000000255000255255255000000002552550000000000000000000000000000000000000000000000000000000000000000000000000000002550000000000000000000000000000000000000000000000000255
0255000000000000000000000000000000000025500000000000000000000000002550000000000025500255255000000000002552552550000000000000000000000000000000000000000000000000255000000000000000000000000002550000000000000000000000000000000000000000000000000255
0255000000000000000000000000000000000002550000000000000000000000002550000000000025500000000000000000002552550000000000000000000000000000000000000000000000025525525525500025525502550000000000000002550000000000000000000000000000000000000000000000000255
0255000000000000000000000000000000000002550000000000000000000000002550000000000025500000000000000000000025500000000000000000000000000000000000000000000000000000000025525500000000000002550000000000000000000000000000000000000000000000000255
025500000000000000000000000000000000000255000000000000000000000000255000000025525525525525500000000000000000000000000000000000000000000000000000000000000000000000000000000025525525500000000002550000000000000000000000000000000000000000000000000255
0255000000000000000000000000000000000002550000000000000000000000000255000025525500000000000000000000000000000000000000000000000000000000000000000000000000000000000000000255255000000002550000000000000000000000000000000000000000000000000255
025500000000000000000000000000000000000255000000000000000000025525500002550002552550000000000000000000000000000000000000000000000000000000000000000000000000000000000000000000025500000002550000000000000000000000000000000000000000000000000255
025500000000000000000000000000000000000025500000000000000000002552550002550025525500000000000000000000000000000000000000000000000000000000000000000000000000000000000000000000002550000025500000000000000000000000000000000000000000000000000255
02550000000000000000000000000000000000002550000000000000000000025525500025502550000000000000000000000000000000000000000000000000000000000000000000000000000000000000000000000000000025500000000000000000000000000000000000000000000000000255
02550000000000000000000000000000000000002550000000000000000000000000255000000000000000000000000000000000000000000000000000000000000000000000000000000000000000000000000000000002550000000000000000000000000000000000000000000000000255
02550000000000000000000000000000000000002550000000000000000000000002550000000000000000000000000000000000000000000000000000000000000000000000000000000000000000000000000000000002550000000000000000000000000000000000000000000000000255
02550000000000000000000000000000000000002550000000000000000000000002550000000000000000000000000000000000000000000000000000000000000000000000000000000000000000000000000000000002550000000000000000000000000000000000000000000000000255
02550000000000000000000000000000000000002550000000000000000000000002550000000000000000000000000000000000000000000000000000000000000000000000000000000000000000000000000000000002550000000000000000000000000000000000000000000000000255
025500000000000000000000000000000000000025500000000000000000000000000000000000000000000000000000000000000000000000000000000000000000000000000000000000000000000000000000000002550000000000000000000000000000000000000000000000000255
025500000000000000000000000000000000000025500000000000000000000000000000000000000000000000000000000000000000000000000000000000000000000000000000000000000000000000000000000002550000000000000000000000000000000000000000000000000255
025500000000000000000000000000000000000025500000000000000000000000000000000000000000000000000000000000000000000000000000000000000000000000000000000000000000000000000000000002550000000000000000000000000000000000000000000000000255
025500000000000000000000000000000000000025500000000000000000000000000000000000000000000000000000000000000000000000000000000000000000000000000000000000000000000000000000000002550000000000000000000000000000000000000000000000000255
025500000000000000000000000000000000000025500000000000000000000000000000000000000000000000000000000000000000000000000000000000000000000000000000000000000000000000000000000002550000000000000000000000000000000000000000000000000255
025500000000000000000000000000000000000025500000000000000000000000000000000000000000000000000000000000000000000000000000000000000000000000000000000000000000000000000000000002550000000000000000000000000000000000000000000000000255
025500000000000000000000000000000000000025500000000000000000000000000000000000000000000000000000000000000000000000000000000000000000000000000000000000000000000000000000000002550000000000000000000000000000000000000000000000000255
025500000000000000000000000000000000000025500000000000000000000000000000000000000000000000000000000000000000000000000000000000000000000000000000000000000000000000000000000002550000000000000000000000000000000000000000000000000255
025500000000000000000000000000000000000025500000000000000000000000000000000000000000000000000000000000000000000000000000000000000000000000000000000000000000000000000000000002550000000000000000000000000000000000000000000000000255
025500000000000000000000000000000000000025500000000000000000000000000000000000000000000000000000000000000000000000000000000000000000000000000000000000000000000000000000000002550000000000000000000000000000000000000000000000000255
025500000000000000000000000000000000000025500000000000000000000000000000000000000000000000000000000000000000000000000000000000000000000000000000000000000000000000000000000002550000000000000000000000000000000000000000000000000255
025500000000000000000000000000000000000025500000000000000000000000000000000000000000000000000000000000000000000000000000000000000000000000000000000000000000000000000000000002550000000000000000000000000000000000000000000000000255
025500000000000000000000000000000000000025500000000000000000000000000000000000000000000000000000000000000000000000000000000000000000000000000000000000000000000000000000000002550000000000000000000000000000000000000000000000000255
025500000000000000000000000000000000000025500000000000000000000000000000000000000000000000000000000000000000000000000000000000000000000000000000000000000000000000000000000002550000000000000000000000000000000000000000000000000255
025500000000000000000000000000000000000025500000000000000000000000000000000000000000000000000000000000000000000000000000000000000000000000000000000000000000000000000000000002550000000000000000000000000000000000000000000000000255
025500000000000000000000000000000000000002550000000000000000000000000000000000000000000000000000000000000000000000000000000000000000000000000000000000000000000000000000000002550000000000000000000000000000000000000000000000000255
025500000000000000000000000000000000000002550000000000000000000000000000000000000000000000000000000000000000000000000000000000000000000000000000000000000000000000000000000002550000000000000000000000000000000000000000000000000255
025500000000000000000000000000000000000002550000000000000000000000000000000000000000000000000000000000000000000000000000000000000000000000000000000000000000000000000000000002550000000000000000000000000000000000000000000000000255
025500000000000000000000000000000000000002550000000000000000000000000000000000000000000000000000000000000000000000000000000000000000000000000000000000000000000000000000000002550000000000000000000000000000000000000000000000000255
025500000000000000000000000000000000000002550000000000000000000000000000000000000000000000000000000000000000000000000000000000000000000000000000000000000000000000000000000002550000000000000000000000000000000000000000000000000255
025500000000000000000000000000000000000002550000000000000000000000000000000000000000000000000000000000000000000000000000000000000000000000000000000000000000000000000000000002550000000000000000000000000000000000000000000000000255
025500000000000000000000000000000000000000255000000000000000000000000000000000000000000000000000000000000000000000000000000000000000000000000000000000000000000000000000000002550000000000000000000000000000000000000000000000000255
025500000000000000000000000000000000000000255000000000000000000000000000000000000000000000000000000000000000000000000000000000000000000000000000000000000000000000000000000002550000000000000000000000000000000000000000000000000255
02550000000000000000000000000000000000000025525500000000000000000000000000000000000000000000000000000000000000000000000000000000000000000000000000000000000000000000000000000002550000000000000000000000000000000000000000000000000255
025500000000000000000000000000000000000000025500000000000000000000000000000000000000000000000000000000000000000000000000000000000000000000000000000000000000000000000000000025500000000000000000000000000000000000000000000000000255
02550000000000000000000000000000000000000002552550000000000000000000000000000000000000000000000000000000000000000000000000000000000000000000000000000000000000000000000000000025500000000000000000000000000000000000000000000000000255
025500000000000000000000000000000000000000002550000000000000000000000000000000000000000000000000000000000000000000000000000000000000000000000000000000000000000000000000000025500000000000000000000000000000000000000000000000000255
025500000000000000000000000000000000000000000255000000000000000000000000000000000000000000000000000000000000000000000000000000000000000000000000000000000000000000000000000025500000000000000000000000000000000000000000000000000255
025500000000000000000000000000000000000000000255000000000000000000000000000000000000000000000000000000000000000000000000000000000000000000000000000000000000000000000000000025500000000000000000000000000000000000000000000000000255
02550000000000000000000000000000000000000000025525500000000000000000000000000000000000000000000000000000000000000000000000000000000000000000000000000000000000000000000000000025500000000000000000000000000000000000000000000000000255
025500000000000000000000000000000000000000000025500000000000000000000000000000000000000000000000000000000000000000000000000000000000000000000000000000000000000000000000000025500000000000000000000000000000000000000000000000000255
025500000000000000000000000000000000000000000025500000000000000000000000000000000000000000000000000000000000000000000000000000000000000000000000000000000000000000000000000255000000000000000000000000000000000000000000000000000255
025500000000000000000000000000000000000000000002550000000000000000000000000000000000000000000000000000000000000000000000000000000000000000000000000000000000000000000000000255000000000000000000000000000000000000000000000000000255
025500000000000000000000000000000000000000000002550000000000000000000000000000000000000000000000000000000000000000000000000000000000000000000000000000000000000000000000000255000000000000000000000000000000000000000000000000000255
02550000000000000000000000000000000000000000000255255000000000000000000000000000000000000000000000000000000000000000000000000000000000000000000000000000000000000000000000000255000000000000000000000000000000000000000000000000000255
025500000000000000000000000000000000000000000000255000000000000000000000000000000000000000000000000000000000000000000000000000000000000000000000000000000000000000000000000255000000000000000000000000000000000000000000000000000255
02550000000000000000000000000000000000000000000025525500000000000000000000000000000000000000000000000000000000000000000000000000000000000000000000000000000000000000000000000255000000000000000000000000000000000000000000000000000255
025500000000000000000000000000000000000000000000025500000000000000000000000000000000000000000000000000000000000000000000000000000000000000000000000000000000000000000000002550000000000000000000000000000000000000000000000000000255
025500000000000000000000000000000000000000000000002550000000000000000000000000000000000000000000000000000000000000000000000000000000000000000000000000000000000000000000002550000000000000000000000000000000000000000000000000000255
025500000000000000000000000000000000000000000000002550000000000000000000000000000000000000000000000000000000000000000000000000000000000000000000000000000000000000000000002550000000000000000000000000000000000000000000000000000255
02550000000000000000000000000000000000000000000000255255000000000000000000000000000000000000000000000000000000000000000000000000000000000000000000000000000000000000000000002550000000000000000000000000000000000000000000000000000255
025500000000000000000000000000000000000000000000000255000000000000000000000000000000000000000000000000000000000000000000000000000000000000000000000000000000000000000000002550000000000000000000000000000000000000000000000000000255
02550000000000000000000000000000000000000000000000025525500000000000000000000000000000000000000000000000000000000000000000000000000000000000000000000000000000000000000000002550000000000000000000000000000000000000000000000000000255
025500000000000000000000000000000000000000000000000025500000000000000000000000000000000000000000000000000000000000000000000000000000000000000000000000000000000000000000025500000000000000000000000000000000000000000000000000000255
02550000000000000000000000000000000000000000000000002552550000000000000000000000000000000000000000000000000000000000000000000000000000000000000000000000000000000000000000025500000000000000000000000000000000000000000000000000000255
025500000000000000000000000000000000000000000000000002550000000000000000000000000000000000000000000000000000000000000000000000000000000000000000000000000000000000000000025500000000000000000000000000000000000000000000000000000255
025500000000000000000000000000000000000000000000000002550000000000000000000000000000000000000000000000000000000000000000000000000000000000000000000000000000000000000000255000000000000000000000000000000000000000000000000000000255
025500000000000000000000000000000000000000000000000000255000000000000000000000000000000000000000000000000000000000000000000000000000000000000000000000000000000000000000255000000000000000000000000000000000000000000000000000000255
02550000000000000000000000000000000000000000000000000025525500000000000000000000000000000000000000000000000000000000000000000000000000000000000000000000000000000000000000255000000000000000000000000000000000000000000000000000000255
025500000000000000000000000000000000000000000000000000025500000000000000000000000000000000000000000000000000000000000000000000000000000000000000000000000000000000000002550000000000000000000000000000000000000000000000000000000255
02550000000000000000000000000000000000000000000000000002552550000000000000000000000000000000000000000000000000000000000000000000000000000000000000000000000000000000000002550000000000000000000000000000000000000000000000000000000255
0255000000000000000000000000000000000000000000000000000000000000000000000000000000000000000000000000000000000000000000000000000000000000000000000000000000000000000002550000000000000000000000000000000000000000000000000000000255
0255255255255255255255255255255255255255255255255255255255255255255255255255255255255255255255255255255255255255255255255255255255255255255255255255255255255255255255255255255255255255255255255255255255255255255255255255255255255255255255255255255255255255255255255255255255255255255255255255255255255255255255255255255255255255255255255255255255255255255255255255255255255255255255255255255255255255255255255255255255255255255255255255255255255255255255255255255255255255255255255255255255255255255255255255255255255255255255255255255255255255255255255255255255255255255255255255255255255255255255255255255255255255255255255255255255255255255255255255255255
