0000000000000000000000000000000000000000000000000000000000000000000000000000000000000000000000000000000000000000000000000000000000000000000000000000000000000000000000000000000000000000000000000000000000000000000000000000
0255255255255255255255255255255255255255255255255255255255255255255255255255255255255255255255255255255255255255255255255255255255255255255255255255255255255255255255255255255255255255255255255255255255255255255255255255255255255255255255255255255255255255255255255255255255255255255255255255255255255255255255255255255255255255255255255255255255255255255255255255255255255255255255255255255255255255255255255255255255255255255255255255255255255255255255255255255255255255255255255255255255255255255255255255255255255255255255255255255255255255255255255255255255255255255255255255255255255255255255255255255255255255255255255255255255255255255255255255255255
0255000000000000000000000000000000000000000000000000000000000000000000000000000000000000000000000000000000000000000000000000000000000000000000000000000000000000000000000000000000000000000000002550000000000000000000000000000255
025500000000000000255255000000000000000000000000000000002552550000025525500000000000000000002552552550000000000000000000255255255000000000255000000002552552550000000000000000000000000000000000000000000000000000000000000000002550000000000000000000000000000255
0255000000000000025525500000000000000000000000000000000255025500000025525525500000000000000000000255255000000000000000000025525525500000000000000000002552552550000000000000000000000000000000000000000000000000000000000000002550000000000000000000000000000255
025500000000000255255255000000000000000000000000000000000002552552550000000255255255000000000000000000025500000000000255000000000255255000000000000000000025525525500000000000000000000000000000000000000000000000000000000000000255000000000000000000000000000255
0255000000000255255000000000000000000000000000000000000000025525525525500000025525500000000000000000000025500000000025500000000002552550000000000000000000255255255000000000000000000000000000000000000000000000000000000000000255000000000000000000000000000255
025500025500002552550000000000000000000000000000000025525525525500000000255255255000000000000000000000000000025525525500000000000000000002552550000000255000000000002552552550000000000000000000000000000000000000000000000000000000000255000000000000000000000000000255
02550000000025500000000000000000000000000000000255255000255255255000000002552550000000255255000000000000000000025525525525500000000000000000025525525500000000000000000025525500000000000000000000000000000000000000002550000000000000000255000000000000000000000000000255
02550000000255255000000000000000000000000000000255255255000000025525500000000255000000025525525500000000000000000000255255000000000000000000025525525500000000000000000255255255255000000000000000000000000000000000000000000000000000000255000000000000000000000000000255
025500000255255255000000000000000000000000000000255255002552550000000255255255000000000000000025525525500000000000000000002552552550000000000000000002552552550000000000000000002552552550000000000000000000000000000000000000000000000000000255000000000000000000000000000255
025500002552550000000000000000000000000000000025500002552552552550000002552552550000000255255000000002552552550000000000000000000255255000000000000000000025525525500000000255255000000025525525500000000000000000000000000000000000000000000000000255000000000000000000000000000255
02550025525525500000000000000000000000000000025525525500000000255255255000000255255255000000025525525500000002552552550000000000000000000255255255000000000000000000255255000000000000000000255255000000000000000000000000000000002550000000000000000025500000000000000000000000000255
025500000000000000000000000000000000002552550025525525500000002552550000000025525525500000002552552550000000255255255000000000000000000255255000000000000000000002552550000000002550000002552552550000000000000000000000000000002550000000000000000025500000000000000000000000000255
0255000000000000000000000000000000000255255000000255255255000002552552552550000000255255255000000002552550000000255255255000000000000000002552552552550000000000000000000255255000000002552550000002550000000000000000000000000000002550000000000000000025500000000000000000000000000255
0255000000000000000000000000000000002550025500000002552552550000000255255255000000025525500000000255255000000002552550000000000000000000255255000000000000000000025525525500000002552552550025500000000000000000000000000000002550000000000000000025500000000000000000000000000255
025500000000000000000000000000000002552550025525500000000255255000000002552552550000000255255255000000025525500000000255255000000000000000000255255255000000000255000000000255255255000000000025500000000000000000000000000000002550000000000000000025500000000000000000000000000255
02550000000000000000000000000000000000002552552550000000025525525500000000255255255000000025525500000025525502552550000002550000000000000000000025525525500000000000000000025525525500000000000000000000000000000000000000002550000000000000000025500000000000000000000000000255
025500000000000000000000000000025525525525500000002552552550000000002552552550000000255255255000000255255255255000000025525500000002552552550000000000000000002552552550000000000000000002552550000000000000000000000000000000000000002550000000000000000025500000000000000000000000000255
025500000000000000000000000000255255000255255255000000255255255255255000000025525525525500000002552552550000000255255000000255255255000000025525500000000000000000002552552552552550000000000000002552552552550000000000000000000000000000000000002550000000000000000025500000000000000000000000000255
025500000000000000000000000000255000000025525525500000000255255000000000255255000000025525525525500000255255255255000000255255255000000255255000000000000000000000255255000000025525500000000025525500000000000000000000000000000000002550000000000000000025500000000000000000000000000255
02550000000000000000000000000002552550000000025525500000002552552550000000025525525500000000255255255000000255255255000000255255255000000002552550000000000000000002552552550000000002550000000255255255255255255000000000000000000000000000000255000000000000000002550000000000000000000000000255
0255000000000000000000000000000025525525500000000255255255000000000000000000255255255000000025525500000002552552552550000002552550000000255255000000000000000000025525525500000000000000000000255000000000000000000000000000000255000000000000000002550000000000000000000000000255
02550000000000000000000025525525500000000255255255000000002552550000000002550000000025525525500000025525525500000000255255255000000255255000000002552550000000000000000000255255255000000000255255000000255000000000000000000000000000000255000000000000000002550000000000000000000000000255
025500000000000000000025525525500255255000000000255255000000000255255000000025525500000000025525525500000025525525500000000255255000000000000000000000000000000000000002552550000000002552550000255000000000000000000000000000000255000000000000000002550000000000000000000000000255
025500000000000000000025500000025525525500000002552552550000000002552550000000002552550000000255255000000025525525500000002552552550000000255000000000255000000000000000000025525525525500000002550000255000000000000000000000000000000255000000000000000002550000000000000000000000000255
02550000000000000000000025525525500000255255255000000255255255255000000025525525500000000025500000000255255255000000000255255000002552552552550000000255000000000255255000000000000000000255255255000000255000255000000000000000000000000000000255000000000000000002550000000000000000000000000255
0255000000000000000000000025525500000002552552550000002552552550000000255255255255000000002550000000025525525525500000000255255000000255255255000002552550000000002552552550000000000000000002552552550000255000255000000000000000000000000000000255000000000000000002550000000000000000000000000255
0255000000000000025525525525500000025525525500000000255255255000000255255000000002552552550000000255255255255255000000025500000000025525500000000000000000000000000255255000000000000000000255255002550000025500000000000000000000000000000255000000000000000002550000000000000000000000000255
02550000000000002552550002552552550000000025525500000025525525500000000025525500000002550000000002552550000000255255255255000000025525525500000002552550000000255255000000255255255000000000000000000002550000025500000000000000000000000000000255000000000000000002550000000000000000000000000255
025500000000000002550000002552550000000255255000000002552550000000025525500000000025525500000025502552550000000255255255000000025525500000000255255000000025500000000255255000000000000000002552550000025500000000000000000000000000000025500000000000000000255000000000000000000000000255
02550000000000000255255255000002552552550000000255255000000002552552550000000255255000000000255255000000025525525500000000255255000000002552550000000255255255000002552552552550000002552552550000000000000025500000025500000000000000000000000000000025500000000000000000255000000000000000000000000255
02550255255000000000000255255255255000002552552552550000000000000002552552550000000000000000025525525500000000255255255000000255255255255000000000025500000255255255000000025525525525500000002550000000000025500000025500000000000000000000000000000025500000000000000000255000000000000000000000000255
025502550000025525525500000000025525500000025525525500000002552550000000255255000000002552550000000025525525500000002550000000002552552552550000000255255255000002552552552550000000255255000000255255000000000255000000025500000000000000000000000000000025500000000000000000255000000000000000000000000255
025500000025525500255255255000000002552552550000002552550000000255255255000000025525525500000255255255255000000002552550000000002552550000000255255255000000025525525500000025525525500000025525525525500000000000000255000000025500000000000000000000000000000025500000000000000000255000000000000000000000000255
02550000000000000255255255000000002552550000002552552552550000002552552552550000002552550000000255000000000255255255000000025525500000000025525500000000000000000255255255000000025525525500000000002550000000025500000000000000000000000000000025500000000000000000255000000000000000000000000255
02550000000255255000000025525500000000255255255000000255255255000000025525525500000255255255255000000000000000002552552550000000000000000025525525500000000000000002552552550000000000000000002550000000025500000000000000000000000000000025500000000000000000255000000000000000000000000255
0255000000000255255255000000255255255000000025525525500000002552552550000000255255000000255255255000000000025500000025525525500000000000000000255255255000000000000000000000000000000000002550000000025500000000000000000000000000000025500000000000000000025500000000000000000000000255
0255025525500000000255255255000000025525525500000025525525525525500000255255255000000255255025500000025525525500000002552550000000255255255255000000002550000000002550000000000000000000000000000000002550000000025500000000000000000000000000000002550000000000000000025500000000000000000000000255
02550002552552552550000002552552552550000000255255255255000000025525525500000255255255000000025525500000002552550000000255025500000000255255000000025525500000000255000000000002552550000000000000000255025500000000002550000000000000000000000000000002550000000000000000025500000000000000000000000255
02550000000255255000000002552552550000000255255255000000025525500000002552550000000025525525500000255255255000000000000000002552552550000000025500000000025500000000000000000000000000025500000000002550000000000000000000000000000002550000000000000000025500000000000000000000000255
0255025500000025525525525500000002552552550000000025500000002552552552550000002552552550000000255255255000002552552552550000000000000000255255255000000025525500000000025525500000000000000000000000025500000000002550000000000000000000000000000002550000000000000000025500000000000000000000000255
025500255255255255000000255255000000002552550000000255255255255000000025525525525500002552552550000000025525525500000255255000000002552550000000002552550000002552552552550000002552550000000000000000000000002550000000002550000000000000000000000000000002550000000000000000025500000000000000000000000255
025500000025525500000025525525525500000025525525525500000002552550000000025525500000255255255255255000000025525500000025525500000000000000000255255255000000002552550000000000000000000000000000002550000000002550000000000000000000000000000002550000000000000000025500000000000000000000000255
0255255000000255255255255000000255255255000000002552552550000002552552550000000255255255000000025525525500000025525500000255255002550000000000000002552552552552550000002552552550000000000000000000000000002550000000002550000000000000000000000000000002550000000000000000025500000000000000000000000255
02550255255000000025525525500000002552552550000000255255255000000255255255255000000255255255000000025525525500000025500000000255255255255000000000000000025525525500000000000000000000000000000000002550000000002550000000000000000000000000000000255000000000000000025500000000000000000000000255
0255000255255255000000025525500000002552552552550000000255255000000002552552550000002552552550000002552552550000000255255000000002550000000025525500000002552550000000000000000000000000000000000255000000002550000000000000000000000000000000255000000000000000002550000000000000000000000255
0255000000255255255000000255255255000000002552550000000255255255255000000255255255255000002552552552550000002552552550000002552552550000000255255000000025525500000000000000000000000000000000000000000255000000002550000000000000000000000000000000255000000000000000002550000000000000000000000255
02552552552550000002552550000000255255255000000025525525500000002552552550000000255255255000000255255255255000002552552550000000255255255000000255255000000000000000000000000000000000000000000000000255000000000255000000000000000000000000000000255000000000000000002550000000000000000000000255
0255000255255255000002552552550000000255255255000000025525525500000002552552550000002552552552550000002552552550000025525525525500000002552550000000255255000000000000000000000000000000000000000000000255000000000255000000000000000000000000000000255000000000000000002550000000000000000000000255
02550000002552552550000025525525500000002550255255000000255255255000000025525525500000002552550000000255255000000025525525500000025500000000000000000000000000000000000000000000000000000025500000000255000000000000000000000000000000255000000000000000002550000000000000000000000255
025525525525500000025525525500000255255255000000025525525500000002552552550000000255255000000255255255000000025525525500000025525525525500000002550000000000000000000000000000000000000000000000000025500000000255000000000000000000000000000000255000000000000000002550000000000000000000000255
025500025525500000002552550000002552552550000000255255000000002552550000000255255255255000002552552552550000002552552550000002552552550000000000000000000000000000000000000000000000000000000025500000000255000000000000000000000000000000025500000000000000000255000000000000000000000255
0255000002552552550000002552552550000025525525525500000000000000002552552550000000255255255000000255255255000000025525525500000025525500000000000000000000000000000000000000000000000000000025500000000255000000000000000000000000000000025500000000000000000255000000000000000000000255
025525525525500000255255255255000002552552552550000025525525500000025500000000025525500000000255255255000000255255255000000025525500000002552550000000000000000000000000000000000000000000000000025525500000000255000000000000000000000000000000025500000000000000000255000000000000000000000255
025500255255255000000025525500000002552550000002552550000000002550000002552552550000000025525525500000255255255255000000025525500000000000000000000000000000000000000000000000000000000255000000000255000000000000000000000000000000025500000000000000000255000000000000000000000255
025500002552552552550000025525525525500000255255255255000002552552552550000002552552550000025525525525500000002552550000000255255255000000025525525500000000000000000000000000000000000000000000000000000255000000000255000000000000000000000000000000025500000000000000000255000000000000000000000255
02552550000000255255255000000255255255000002552552552550000002552550000000255255000000025525525500000025525525500000000255255000000025525525500000000000000000000000000000000000000000000000002550000000000025500000000000000000000000000000025500000000000000000255000000000000000000000255
0255025525525500000002552552550000025525525500000002552550000025525525525500000002552550000002552552550000000255255000000000025500000000000000000000000000000000000000000000000000000002552550000000000025500000000000000000000000000000025500000000000000000255000000000000000000000255
0255000025525525500000002552552550000025525525500000025525525525500000255255255000000025525500000000255255000000025500000000255255000000000000000000000000000000000000000000000000000025525500000000000025500000000000000000000000000000002550000000000000000255000000000000000000000255
0255000000025525500000002552552550000002552552552550000002552550000002552550000000002550000002552552550000000255255255000000000000000000000000000000000000000000000000000000000255255000000000000025500000000000000000000000000000002550000000000000000255000000000000000000000255
025525525525525525500002552552550000000255255255000000255255255000000255255255000002552552550000000255255000000000000000002550000000000000000000000000000000000000000000000000000002552552550000000000000025500000000000000000000000000000002550000000000000000255000000000000000000000255
0255000025525525500002552552552550000000255255255000000255255255000000255255255000000000000000255000000002552552550000000255255000000000000000000000000000000000000000000000000255255255000000000000000025500000000000000000000000000000002550000000000000000255000000000000000000000255
255255000000025525525500000255255255000000025525525500000025525525500000025525525500000000000000025525500000025525525500000000000000000000000000000000000000000000000000000025525500000000000000000025500000000000000000000000000000002550000000000000000025500000000000000000000255
02552552552550000000255255000000255255255000000025525525500000255255255255000000025500000002550000000000000000000000000000000000000000000000000000000000000000000025525525500025500000000000000025500000000000000000000000000000002550000000000000000025500000000000000000000255
0255000255255255000002552552552550000002552552552550000002552552550000002552552550000025525500000000025500000002552552550000000000000000000000000000000000000000000000000000255255255000002550000000000000000255000000000000000000000000000000255000255000000000000025500000000000000000000255
025500000025525525500000025525525500000025525525500000002552550000002552552550000000255255000000000000000000000000000000000000000000000000000000000000000000025525500000025525500000000000000002550000000000000000000000000000002550000000000000000025500000000000000000000255
0255255255255000000255255255000002552552552552550000025525525500000025525525525500000025525500000025525525525500000000000000000000000000000000000000000000000000000000000000255255000000025500000000000000000255000000000000000000000000000000025500255000000000000025500000000000000000000255
02550002552552550000002552552550000000255255000000255255255000000255255255255000002552552552550000002552550000000000000000000000000000000000000000000000000000000002550255255000000000000000000000000002550000000000000000000000000000000255000000000000000025500000000000000000000255
02550000002552552550000002552550000000255255255000000255255255000000025500000002552552550000002552550000000000000000000000000000000000000000000000000000000002550000000000000000000000000002550000000000000000000000000000000255000000000000000025500000000000000000000255
0255255255000000025525500000025525525525500000025525525500000025525525500000002552550000000255255000000000000000000000000000000000000000000000000000000000000025500000000000000000000000000002550000000000000000000000000000000255000000000000000002550000000000000000000255
025500255255255000000255255255255000000255255000000025525525500000025525525500000000255255000000025500000000000000000000000000000000000000000000000000255255255000000255000000000000000000000000000255000000000000000000000000000000025500255000000000000002550000000000000000000255
0255000002552552550000000255255000000255255255000000025525500000002552550000000025525500000000000000000000000000000000000000000000000000000002552550025525525500255255000000000000000000000000000255000000000000000000000000000000025500255000000000000002550000000000000000000255
0255025525525500002552552550000002552552552550000025525525525500000255255255000000000000000002550000000000000000000000000000000000000000000000000000000000025525525525500000000000000000000000000002550000000000000000000000000000000025500000000000000002550000000000000000000255
025500002552552550000255255255000000255255255000000025525500000025525525500000000000000000000000000000000000000000000000000000000000000000000002552550000255000000000000000000000000000002550000000000000000000000000000000025500000000000000002550000000000000000000255
0255255000000255255255000025525525525500000025525525500000025525525500000000000000002550000000000000000000000000000000000000000000000000025525525500000000255255025500000000000000000000000000000255000000000000000000000000000000002550000000000000000255000000255000000000000255
025502552552550000025525525500000255255255255000000255255255000002552552552550000000000000000000000000000000000000000000000000000000000000025525525500255255255000000255255000000000000000000000000000000025500000000000000000000000000000002550025500000000000002550000000000000000000255
025500025525525525525500002552552552550000025525525500000025525500000025525500000000000000000000000000000000000000000000000000000000000002550255000002552552550000255000000000000000000000000000000025500000000000000000000000000000002550025500000000000002550000000000000000000255
02552552550000002552552550000025525525500000255255255255000025525525525500000000000000000000000000000000000000000000000000000000000000000002552552550000025525525502552550000000000000000000000000000000255000000000000000000000000000000025500000000000000000255000000000000000000255
025500255255255255000025525525500000025525525500000255255255255000002552550000000000000000000000000000000000000000000000000000000000255255255255255000002552552550000025525500000000000000000000000000000000255000000000000000000000000000000025500000000000000000255000000000000000000255
025500000255255255000002552552550000002552552550000025525525500000002552550000000000000000000000000000000000000000000000000000255255255000025525500000025525525500025500000000000000000000000000000000255000000000000000000000000000000025500000000000000000255000000000000000000255
025525525525500000255255255255000025525500000002552552552550000255255255000000000000000000000000000000000000000000000000000000000255255000000025525525525525500000002552550000000000000000000000000000000025500000000000000000000000000000002550025500000000000000255000000000000000000255
0255000255255000000255255255000000255255255000000255255000000000000000000000000000000000000000000000000000000000002552552550000025525525500000255255255000002552550000000000000000000000000000000025500000000000000000000000000000002550025500000000000000255000000000000000000255
0255000002552552552550000025525525525500000255255255000002552550000000000000000000000000000000000000000000000000000000025525500255255000000255255000000255255000255000000000000000000000000000000000255000000000000000000000000000000002550000000000000000255000000000000000000255
025525525525500000025525525500000025525525500000255255000000000000000000000000000000000000000000000000000000000002552552550000025525500000002552552550000002552550025500000000000000000000000000000025500000000000000000000000000000000255002550000000000000255000000000000000000255
025500025525525500000025525525500000025525525525500002552550000000000000000000000000000000000000000000000000000000025500255255255000000255255000000255255255002552550255255025525525500000000000000000000000000025500000000000000000000000000000000255002550000000000000025500000000000000000255
0255255000002552552552550000025525525525500000025525500000000000000000000000000000000000000000000000000000000255255255255255000000255000000025525525500000025525500000002552552550000000000000000000000000025500000000000000000000000000000002550000000000000000025500000000000000000255
02550255255255000000255255000000255255255000000255255255255000000000000000000000000000000000000000000002550000002552550000255255255000000000000025525525500025525500002550000002552550000000000000000000000002550000000000000000000000000000000255002550000000000000025500000000000000000255
0255000025525525525500000255255255000000000255000002552550000000000000000000000000000000000000000255255000000255255000000002552550000000255000000255025525500000255255000000255255000000000000000000000002550000000000000000000000000000000255002550000000000000025500000000000000000255
02552552550000002552550000002552552550000000255000000000000000000000000000000000000000000002552552550000000000025500000002552552550000002550000002550000000255000000000000000000000000000000025500000000000000000000000000000002550000000000000000025500000000000000000255
02550025525525500000255255255000000255255255000000000000000000000000000000000000000000000000255255000002552552552552550000000000000025525500000002552550025500000000000000000000000000000255255255255255002550025500000000000000000000000000000000255000000000000000025500000000000000000255
0255000002552552552550000025525525500000255255255000000000000000000000000000000000000000000025525500000000000025525525500000000000002552552550000000255000000000000000000000000000025525500000000002552550000000000000000000000000000000255000000000000000025500000000000000000255
025525525525525500000255255255000025525525525525500000025500000000000000000000000000000000000000255255255000000000000000025500000000000000025525525525500025500000000000000000000000000255255255000000000000255255000000000000000000000000000000255000000000000000025500000000000000000255
0255000025525525500000255255255000002552552550000000000000000000000000000000000000000025525525500000255255000000000000002552550000000000000000025525500000000000000000000000000000000000000000025525500000000000000000000000000000255000000000000000025500000000000000000255
0255255255000025525525525500000255255255000000025525500000000000000000000000000000000000025525500000025500255255255000000000000000025525525525525525525500000255255255000000000000000000000000000000000000000000002552550000000000000000000000000000255000000000000000025500000000000000000255
0255002552552552550000000000000025500000000000000000000000000000000000000002552552550000000000000000000002552552550002552552550000025525525525525525525500000000000000000000000000000000000000000000000255255000000000000000000000000000255000000000000000025500000000000000000255
02550000002552552550000000000000255255255000000000000000000000000000000000002552550000255255000025525525500000000000025500255255000255000000000000000000000000000000000000000000000000000000000025525500000000000000000000000000025500000000000000002550000000000000000255
02550255255000000000000000000000000000000000000000000000000000000000000025525500255255255000002550000000000000255000000255000000025500000000000000000000000000002550000000000000000000025500000000000000000000000000025500000000000000002550000000000000000255
025500000000000000255000000000000000000000000000000000000000002550000000000000025525525500000000000025500255255000002550000000025525500000000000000000000000000025525500000000000000000002552550000000000000000000000000025500000000000000002550000000000000000255
025525525525525500000000000000000000000000000000000000000000000000000000000000255255255000025525525500000000000025525500000025500000000000000000000000000000000000000255255000000000000000000025525500000000000000000000000002550025500000000000002550000000000000000255
02550000000000000000000000000000000000000000000000000000000000255255255255255255000002552552550000000000000000255000000255025500000000002550000000000000000000000000025500000000000000000000025500000000000000000000000002550025500000000000002550000000000000000255
0255255000000000000000000000000000000000000000000000000000000000255000002552552550000025525500000000000002550000002550025500000000002550000000000000000000000255002552550000000000000000000002552550000000000000000000000002550025500000000000002550000000000000000255
0255002552552550000000000000000000000000000000000000000000000000000255025525525500000255255255000000255000000000025500000000025500000000025525500000000000000000000002550025500000000000000000000000255255000000000000000000000002550025500000000000002550000000000000000255
02550000000000000000000000000000000000000000000000000000255255255255255255000025525525525500002552552552550000000000002552550000000000000000002552550000000000000000000000025502550000025500255000000000000000025525500000000000000000000002550025500000000000000255000000000000000255
02552552552552550000000000000000000000000000000000000000000000025525500000255255000000255255255000025525525525500000000255255000000000000000000025500000000000000000000000025502550000025502552550000000000000000025500000000000000000000002550025500000000000000255000000000000000255
0255000025525525500000000000000000000000000000000000000000002552550025500000255255255255000002552552550000000000002552550000000000000000000025500000000000000000000000025502550000002552550000000000000000002552550000000000000000000002550025500000000000000255000000000000000255
02550000000000000000000000000000000000000000000000025525525525500000255255255000002552552550000025525500000025525525525525500255000000000000000255025500000000000000000000000000025500000255255000000000000000000002550000000000000000000000255025500000000000000255000000000000000255
0255000000000000000000000000000000000000000000000025525500002552550000025525525500000255255255000000025525525500000002552550000000000000025502550000000000000000000000000002550000025500255255255255255255000000000000002550000000000000000000002550000000000000000255000000000000000255
025500000000000000000000000000000000000000000000000000000025525525500000255255255255000025525500025525525500000002550255255000000000000002550025500000000000000000000000000255255000255255000000025525500000000000002550000000000000000000002550000000000000000255000000000000000255
0255000000000000000000000000000000000000000002552552552552550000255255255000000255000002552552552550000255255000000002552550002550000000000000025500255000000000002552550000000000025500255002552550000000002552550000000000002550000000000000000000002550000000000000000255000000000000000255
0255000000000000000000000000000000000000000002550000255255000000255000000255255255000000025525525500000000000000255000000000000025500025500000000002552550000000000002550025525525525500000000000255255000000000002550000000000000000000002550000000000000000255000000000000000255
0255000000000000000000000000000000000255255255255255000000000002550000000025500000255255255000255255000000000000000025500000000000002550002550000000002552550000000000000025500000000000000000000000000025502550000000000000000000002550000000000000000255000000000000000255
025500000000000000000000000000000000255255000025525525500000000000000000002552552552550002550255255000255255000000000002550000000000000025502550255000000002552550000000000000002550000000000000000000000000002550255000000000000000000000255000255000000000000255000000000000000255
0255000000000000000000000000000000255255000000000000000000000000000000002552550002550002552550000000000002550000000000000025500002550000002552550025500000000000002550255000000000000000000000000025502550000000000000000000000255000000000000000025500000000000000255
0255000000000000000000000000000255255255255000000000000000000000000000002550000025502552550025500000000000000255000000000000000000025500000025500255255000000000000025500000000000000000000000000025502550000000000000000000000255000000000000000025500000000000000255
02550000000000000000000000000025525500000000000000000025525500000000025500000255255255025525500002550000000002552550025500000000000000000002550000000025525502552552552552550000000025500000000000000000000000000000255000000000000000000000025500255000000000000025500000000000000255
02550000000000000000000000002552550000000002552550000000000000000000002552552550000002550025500255000000000255000255000000000000000000025500000255255255255000000255255000000025500000000000000000000000000000255000000000000000000000025500255000000000000025500000000000000255
02550000000000000000000002552552552550000000000000000000002550000000000000025525525525500255002550000000000000000255000000000000000000025500000255000000000025525525525525500025500000000000000000000000000000255000000000000000000000025500255000000000000025500000000000000255
0255000000000000000000025525525500000000000000000000000000000000000000000000025500000000000000002550025500000000000000000002552552552550255255000000000002550002550255255000000000000000000255255000000000255255255255255255255255255255000000000000025500255000000000000025500000000000000255
0255000000000000000000255255000000000000000000000000000000000000000002550000025500000000000000002550025500000000000000000002552550002550000000000000255000025500000000002552552552552552552552552550025525525500000000000000002552550000000000025500255000000000000002550000000000000255
025500000000000000002552552550000000000000000000000000000000000000000000000025500000000000000000000255000000000000000000025525500255255000000000000025525500000000002552552552550000000000000000000000000000000255255000000000025500025500000000000002550000000000000255
0255000000000000002552550000000000000000000000000000000000000000000025525500002550000000000000000000025500000000000000000000255255025500000000000000000000000002552550000000000000000000000000000000000025525500000000002550025500000000000002550000000000000255
025500000000000025525525500000000000000000000000000000000000000000000000025500255000000000000000000002550000000000000000000000255255000000000000000000000000025500000000000000000000000000000000000002552550000000002550025500000000000002550000000000000255
0255000000000025525525500000000000000000000000000000000000000000000000255000002550000000000000000000025500000000000000000000002550000000000000000000000000255255000000000000255255000000000000000000000000255255000000002550025500000000000002550000000000000255
025500000000255255000000000000000000000000000000000000000000000025525500000002552550000000000000000002550025500000000000000000000255255000000000000000000000000025500000000000000255255000000000000000000000000255000000002550025500000000000002550000000000000255
025500000025525525500000025500000000000000000000000000000000000000000002552552550002550000000000000000000000255000000000000000000025525500000000000000000000000000255000000000000000000000000000000000000000025525500000002550002550000000000002550000000000000255
025500000255255000000000000000000000000000000000000000000000000000000025500255000000000000000000000025500000000000000000002550000000000000000000000000025500000000000000000000000000000000000000000025500000002550002550000000000002550000000000000255
025500025525525500000000000000000000000000000000000000000000000000000000000255000000000000000000025525502550000000000000000000255255000000000000000000000000025500000000000000000000000000000000000000000025500000002550002550000000000002550000000000000255
0255025525525500000000000000000000000000000000000000000000000000000000000025525500000000000000000000255002550000002550002550000000025525500000000000000000000000025500000000000000000000000000000000000000000002550000002550002550000000000000255000000000000255
02550255000000000000000000000000000000000000000000000000000000000000002550000000000000000000000002550000000255025525500000000025500000000000000000000000025500000000000000000000000000000000000000000002550000000255002550000000000000255000000000000255
0255000000000000000000000000000000000000000000000000000000000000000255000000000000000000000000025500000000255255000000000002550000000000000000000000025500000025525500000000000000000000000000000000000255000000025500255000000000000025500000255000000255
02550000000000000000000000000000000000000000000000000000000000000002550000000000000000000000000255002550002552552550000000000002550000000000000000000000025500000002552552552550000000255255000000000000000000000002550000000255002550000000000000255000000000000255
025500000000000000000000000000000000000000000000000000000000000000255255000000000000000000000000025500255002552550000000000000002550000000000000000000000255255000000000255255255255002552552550000000000000000000000002550000000255000255000000000000255000000000000255
0255000000000000000000000000000000000000000000000000000000000000002550000000000000000000000000025525500002550002552552552552552550255255000025500000000000000000000000255000000000000000000000000000000000000000255002550000000255000255000000000000255000000000000255
0255000000000000000000000000000000000000000000000000000000000000025525500000000000000000000000000025500002550000000002550000000255000000000000000000000025525500000000000000000000000000000000000000255002550000000255000255000000000000255000000000000255
02550000000000000000000000000000000000000000000000000000000000002552550000000000000000000000000000255255002552550000000000255000000255000000000000000000000002550000000000000000000000000000000000000025500255000000002550025500000000000025500000025500000255
02550000025500000000000000000000000000000000000000000000000000255255002550000000000000000000000000000002550025500000000000000000002550000000000000000000000255255000000000000000000000000000000000000025500255000000002550025500000000000025500000025500000255
02550000000000000000000000000000000000000000000000000000000000002550025500000000000000000000000000000255255000000000000000000025525500000000000000000000002550000000000000000000000000000000000000255002550000000025500255000000000000025500000000000255
025500000000000000000000000000000000000000000000000000000000000025502550000000000000000000000000025500255255000000000000000000000255000000000000000000000000000000000000000000000000000000000000255002550000000025500255000000000000025500000000000255
02550000000000000000000000000000000000000000000000000000000000002550000255000000000000000000000002552550255000000000000000000000025500000000000000000000000000000000000000000000000000000000025500255002550000000025500025500000000000025500000000000255
02550000000000000000000000000000000000000000000000000000000000002550002550255000000000000000000000002550000000000000000000000000255000000000000000000000000002550000000000000000000000000000255000255002550000000025500025500000000000025500000000000255
0255000000000000000000000000000000000000000000000000000000000000255000002552550000000000000000000000255000000000000000000000000025500000000000000000000000000000000000000000000000000000002550002550025500000000255000000000000000025500000000000255
02550000000000000000000000000000000000000000000000000000000000002550025502550255000000000000000000000002550000000000000000000000002550000000000000000000000000000000000000000000000000000002550000255002550000000025500025500000000000025500000000000255
02550000000000000000000000000000000000000000000000000000000000255025525500025502552550000000000000000000000255255000000000000000000000002550000000000000000000000000000002550000000000000000000000000000255002550000000002550025500000000000025500000000000255
0255000000000000000000000000000000000000000000000000000000000000025500025500255000000000000000000000002552550000000000000000000000025500000000000000000000000255255255255255002552552550000000000000000000000000255002550000000002550025500000000000025500000000000255
02550000000000000000000000000000000000000000000000000025500000000002550000002552550000000255000002550000000002550000000000000000000000025525500000000000000000000000000000000255255255255255255255255255255000000000000000255002550000000002550025500000000000025500000000000255
02550000000000000000000000000000000000000000000000000000025500000002550025500002552550000002552552550255255255000000000255255000000000000000000000002550000000000000000002550000000000000002550000000000000000000000255002550000000002550025500000000000002550000000000255
025500000000000000000000000000000000000000000000000000000000000002550025500000255000000000255255000255255255000000255255000000000000000000000025500000000000000000025500000000000000000000000000000000000000255002550000000002550002550000000000002550000000000255
025500000000000000000000000000000000000000000000000000000000000002550025500000255255000000000255000000000000025500000000000000000000002552550000000000000000255000000000000000000000000000000000000000255002550000000002550002550000000000002550000000000255
025500000000000000000000000000000000000000000000000000000000000002550025500025500255255000000000002552552552550000000025500000000000000000000002550000000000000000255000000000000000000000000000000000000000255002550000000002550002550000000000002550000000000255
025500000000000000000000000000000000000000000000000000000000000000255025500000002550000002552552550000000000000025500000000000000000000002550000000000000002550000000000000000000000000000000000000000255002550000000000255002550000000000002550000000000255
02550000000000000000000000000000000000000000000000000000000000000025502550000000255255025502552550000000000000000025525500000000000000000000002550000000000002552552550000000000000000000000000000000000000000255002550000000000255000255000000000002550000000000255
025500000000000000000000000000000000000000000000000000000000000000255000000000025500255000000000000000000002552550000000000000000000002550000000000255255255000000000000000000000000000000000000000000255025500000000000255000255000000000002550000000000255
02550000000000000000000000000000000000000000000000000000000000000025500255000000025525502550000000000000000000002550000000000000000000000255000002550255255000000000000000000000000000000000000000000002550025500000000000255000255000000000000255000000000255
025525525525525500000000000000000000000000000000000000000000000000000000002550002550000000255255255000000000000000000000255255000000000000000000000255000000000000000000000000000000000000000000000000000002550025500000000000255000255000000000000255000000000255
0255000025525525500000000000000000000000000000000000000000000000000000002550002550000000025500000000000000000000000255255000000000000000000000255000000000000000000000000000000000000000000000000000000255000000000000255000255000000000000255000000000255
025500000002552552552552552550000000000000000000000000000000000000000000000002552550002550000000002550025500000000000000000000255255000000000000000000025500000000000000000000000000000000000000000000000000002550255255000000000000255000255000000000000255000000000255
0255000000000000025525525525525500000000000000000000000000000000000000000025525502550025500000000025500255000000000000000000000255255000000000000000000255000000000000000000000000000000000000000000000000000255002550000000000000025500255000000000000255000000000255
02550000000000000000002552550000000000000000000000000000000000000255255255255000255025525500000000025500255000000000000000000000255255000000000000000025525500000000000000000000000000000000000000000000000000255002552550000000000000025500255000000000000255000000000255
02550000000000000000000000000000000000000000000000000000000255255255000000255002552550000000025525500000000000000000000000025525500000000000000255255000000000000000000000000000000000000000000000000002550025525500000000000000025500255000000000000255000000000255
02550000000000000000000000000000000000000000000000000000025525525500255000002552550025525500000000255255000000000000000000000000255000000000000002550000000000000000000000000000000000000000000000000025500255255000000000000000025500255000000000000255000000000255
02550000000000000000000000000000000000000000000000000000255255000000000255025525500255255000000002550000000000000000000000000255255255255000000025525525500000000000000000000000000000000000000000000000000255002552550000000000000000025500255000000000000255000000000255
025500000000000000000000000000000000000000000000000025525525525500000000000000255000255255000000000000000000000000000000000255255002552552552552552552550000000000000000000000000000000000000000000000000000000255255000000000000000000255000000000000000025500000000255
0255000000000000000000000000000000000000000000000000255000025525500000000000255000025525500000000000000000000000000000000255000000000000000000000000000000000000000000000000000000000000025500255255000000000000000000025500025500000000000025500000000255
0255000000000000000000000000000000000000000000000000255255000000000000000025525500002550000000000000000000000000000000255000000000000000000000000000000000000000000000000000000000000255255002552550000000000000000000002550025500000000000025500000000255
025500000000000000000000000000000000000000000000000000255255255255255000000000000255000025525500000000000000000000000000000255255000000000000000000000000000000000000000000000000000000000002552550025525500000000000000000000002550025500000000000025500000000255
02550000000000000000000000000000000000000000000000000000000255255000000000025500000255000000000000000000000000000025525500000000000000000000000000000000000000000000000000000000000025500255255000000000000000000000002550025500000000000025500000000255
02550000000000000000000000000000000000000000000000000000000025500000000002552550000255025500000000000000000000000002552550000000000000000000000000000000000000000000000000000000000002550025525500000000000000000000000025500000000000000025500000000255
0255000000000000000000000000000000000000000000000000000000002552550000000000255255000255000000000000000000000000025525525500000000000000000000000000000000000000000000000000000000000025500255255000000000000000000000000025500000000000000025500000000255
025500000000000000000000000000000000000000000000000000000000002552552552550000000255000255000000000000000000000000000000000000000000000000000000000000000000000000000000000000000255002552550000000000000000000000000025500000000000000025500000000255
025500000000000000000000000000000000000000000000000000000000000000255255255255255255025500255000000000000000000000000000000000000000000000000000000000000000000000000000000000000000255002552550000000000000000000000000002550002550000000000002550000000255
0255000000000000000000000000000000000000000000000000000000000000000000000255002550000000000000000000000000000000000000000000000000000000000000000000000000000000000000025500025500000000000000000000000000002550002550000000000002550000000255
02552550000000000000000000000000000000000000000000000000000000000000000000025500255000000000000000000000000000000000000000000000000000000000000000000000000000000000000025500025525500000000000000000000000000000255002550000000000002550000000255
02550255255255255255255255000000000000000000000000000000000000000000000000000000000000025500025500000000000000000000000000000000025500000000000000000000000000000000000000000000000002550002552550000000000000000000000000000002550000000000000002550000000255
0255000000002552552552552550000000000000000000000000000000000000000000000000000000025500025525525500000000000000000000000000000000000000000000000000000000000000000000000000000000000025525500000000000000000000000000000002550000000000000002550000000255
255255255000000000000255255000000000000000000000000000000000000000000000000000000255000002550000000000000000000000000000000000000000000000000000000000000000000000000000000025500255255000000000000000000000000000000000255000000000000002550000000255
02550255255255255255255000000025525500000000000000000000000000000000000000000000000000000255000002550000000000000000000000000000000000000000000000000000000000000000000000000000000255255002550000000000000000000000000000000000255000000000000002550000000255
02550000000255000000002552552550000000000000000000000000000000000000000000000000025500000255002550000000000000000000000000000000000000000000000000000000000000000000000000002552550025500000000000000000000000000000000000255000000000000002550000000255
0255000000002552552550000000025525525525500000000000000000000000000000000000000000000025500255000255002550000000000000000000000000000000000000000000000000000000000000000000000000025525500025500000000000000000000000000000000000255000000000000002550000000255
02550000002552552550002552550000000002552552552552552552552552552550000000000000000000000000000000000025500255000255000000000000000000000000000000000000000000000000000000000000000000000000000255255255000025500000000000000000000000000000000000255000000000000000255000000255
02550000255255000000000000000000000000000255255255255255000002552552552552552552552552552552550000000000000255255000255255025500000000000000000000000000000000000000000000000000000000000000000000000000025500000002550000000000000000000000000000000000255000000000000000255000000255
02552552552552550000000000000000000000000000000000255255255255255025500000000255255255000000000002550000255002550000000000000000000000000000000000000000000000000000000000000000000000000255255000000002550000000000000000000000000000000000255000000000000000255000000255
02550000000000000000000000000000000000000000000000000000000025525525525525525525525500255255002550255002550000000000000000000000000000000000000000000000000000000000000000000000002552550000000002550000000000000000000000000000000000025500000000000000255000000255
02550000000000000000000000000000000000000000000000025525500255255255255000255000002550255000255025500255255000000000000000000000000000000000000000000000000000000000000000000000025525500000000002550000000000000000000000000000000000025500000000000000255000000255
02550000000000000000000000000000000000000000000000000255255000000000000000255000000002550000000000000000000000000000000000000000000000000000000000000000000000255255000000000002550000000000000000000000000000000000025500000000000000255000000255
02550000000000000000000000000000000000000000000000000000000002552552552552552550025525500002550025500000000000000000000000000000000000000000000000000000000000000000000002552550000000000002550000000000000000000000000000000000025500000000000000255000000255
025500000000000000000000000000000000000000000000000000000000255255000000025500000000255000000000000000000000000000000000000000000000000000000000000000000025525525525500000000000002550000000000000000000000000000000000025500000000000000255000000255
02550000000000000000000000000000000000000000000000000000255255255255000000002550000000002550000000000000000000000000000000000000000000000000000000000000000025525525500000000000000002550000000000000000000000000000000000025500000000000000025500000255
0255000000000000000000000000000000000000000000000000002552552550000000000255255000000000025500000000000000000000000000000000000000000000000000000000000002552552552550000000000000000002550000000000000000000000000000000000002550000000000000025500000255
02550000000000000000000000000000000000000000000000255025525525500000000000025500000000025500255000000000000000000000000000000000000000000000000000000000002552550000000000000000000002550000000000000000000000000000000000002550000000000000025500000255
0255000000000000000000000000000000000000000000000255255255000000000000002552550000000025500025500000000000000000000000000000000000000000000000000000000025525525500000000000000000000000255000000000000000000000000000000000002550000000000000025500000255
025500000000000000000000000000000000000000000025525525525500000000000000002550000000002550000000000000000000000000000000000000000000000000000000000000255000000000000000000000000025500000000000000000000000000000000000255002550000000000025500000255
025500000000000000000000000000000000000000000255255000000000000000000255255000000002550000000000000000000000000000000000000000000000000000000000000255255000000000000000000000000025500000000000000000000000000000000002550002550000000000025500000255
025500000000000000000000000000000000000002552552552552550000000000000000002552550000000002550000000000000000000000000000000000000000000000000000000000002552550000000000000000000000000025500000000000000000000000000000000002550002550000000000025500000255
0255000000000000000000000000000000000002552552552550000000000000000000002550000000000255025500000000000000000000000000000000000000000000000000000000025525500000000000000000000000000025500000000000000000000000000000000000255002550000000000025500000255
02550000000000000000000000000000000255255255255000000000000000000000002552552550000000002550002550000000000000000000000000000000000000000000000000000000255255000000000000000000000000000025500000000000000000000000000000000000255002550000000000025500000255
0255000000000000000000000000000000255255000000000000000000000002552552550000000000002550002550000000000000000000000000000000000000000000000000000002552550000000000000000000000000000025500000000000000000000000000000000000255002550000000000002550000255
025500000000000000000000000000255255255255255000000000000000000000025525525500000000000000255000000000000000000000000000000000000000000000000000000000025500000000000000000000000000000025500000000000000000000000000000000000255000255000000000002550000255
025500000000000000000000000255255255255000000000000000000000002552552550000000000000000255000000000000000000000000000000000000000000000000000000000025525500000000000000000000000000000025500000000000000000000000000000000000255000255000000000002550000255
025500000000000000000000025525525500000000000000000000000255255255000000255000000000000255000000000000000000000000000000000000000000000000000000000255255000000000000000000000000000000002550000000000000000000000000000000000255000255000000000025500000255
02550000000000000000002552552550000000000000000000000025525525500000255255002550000000000002550000000000000000000000000000000000000000000000000000000002550000000000000000000000000000000002550000000000000000000000000000000000255000255000000000002550000255
02550000000000000000255255255000000000000000000000002552552550000025525500002550000000000000000000000000000000000000000000000000000000000000000000002552550000000000000000000000000000000002550000000000000000000000000000000000255000255000000000002550000255
0255000000000000002552552550000000000000000000000025525525500002552550000002550000000000000000000000000000000000000000000000000000000000000000000002552550000000000000000000000000000000000255000000000000000000000000000000000002550025500000000025502550000255
0255000255255000000255255255000000000000000000000000025525500002550000000025525500000000000000000000000000000000000000000000000000000000000000000000025500000000000000000000000000000000000255000000000000000000000000000000000002550002550000000255002550000255
025500000000025525500000000000000000000000002552552552550000000000000025500000000000000000000000000000000000000000000000000000000000000000000025525500000000000000000000000000000000000255000000000000000000000000000000000002550002550000002550000255000255
025500000025525525500000000000000000000000025525525525500000000000000002550000000000000000000000000000000000000000000000000000000000000000000000255000000000000000000000000000000000000255000000000000000000000000000000000002550002550000025500000255000255
0255000025525500000000000000000000000002552550000000000000000000000000000000000000000000000000000000000000000000000000000000000000000002552550000000000000000000000000000000000002550000000000000000000000000000000000025500025500000000000255000255
025502552552550000000000000000000000002552552550000000000000000000025525500000000000002550000000000000000000000000000000000000000000000000000000255255000000000000000000000000000000000000025500000000000000000000000000000000000255002552550025500000000255000255
025525525500000000000000000000000025525525500000000000000000000002550000000000000025500000000000000000000000000000000000000000000000000000002550000000000000000000000000000000000000025500000000000000000000000000000000000255000255025525500000000255000255
025500000000000000000000000025525525500000000002550000000000002550000000000000000000000000000000000000000000000000000000000000000000000255255000000000000000000000000000000000000002550000000000000000000000000000000000025500002550000000000255000255
02550000000000000000000255255255255255000000000000025500000000000000000000000000000000000000000000000000000000000000000000000000000000002552550000000000000000000000000000000000000000255000000000000000000000000000000000002550025500000000000255000255
02550000000000000255255255255255255000000000000000000000000000000000000000000000000000000000000000000000000000000000000000000000000000025525500000000000000000000000000000000000000000255000000000000000000000000000000000002550025500000000000255000255
025500000000000000000000000000000000000002550000000000000000000000000000000000000000000000000000000000000000000000000000000002550000000000000000000000000000000000000000002550000000000000000000000000000000000025500000000000000255000255
02550000000000025500000000000000000255255255255000025500000000000000000000000000000000000000000000000000000000000000000000000000000000255255000000000000000000000000000000000000000000255000000000000000000000000000000000002550025500000000000025500255
0255000000025525525525502552552552552552552552550000000000000025525525525500000000255000000000000000000000000000000000000000000000000000000000000000000000002550000000000000000000000000000000000000000000255000000000000000000000000000000000002550002550000000000025500255
0255000002552552550000000000002552552552552552550000000000000025525525525525525525500000000000000000000000000000000000000000000000000000000000000000000002552550000000000000000000000000000000000000000000255000000000000000000000000000000000002550025500000000000025500255
0255002552552552550000000000000000000025525525525525525525500000000000000000000000000000000000000000000000000000000000000000000000000000000000025500000000000000000000000000000000000000000000255000000000000000000000000000000000002550025500000000000025500255
025502552550000000000000000000000000000002552552552552552550000000000000000000000000000000000000000000000000000000000000000000000000000025525500000000000000000000000000000000000000000000255000000000000000000000000000000000002550002550000000000025500255
0255000000000000000000000000000000000000000000000000000000000000000000000000000000000000000000000000000000000000000000000000000000000000000000000000000000000000000000025500000000000000000000000000000000000255002550000000000025500255
0255255255255255255255255255255255255255255255255255255255255255255255255255255255255255255255255255255255255255255255255255255255255255255255255255255255255255255255255255255255255255255255255255255255255255255255255255255255255255255255255255255255255255255255255255255255255255255255255255255255255255255255255255255255255255255255255255255255255255255255255255255255255255255255255255255255255255255255255255255255255255255255255255255255255255255255255255255255255255255255255255255255255255255255255255255255255255255255255255255255255255255255255255255255255255255255255255255255255255255255255255255255255255255255255255255255255255255255255255255255
