0000000000000000000000000000000000000000000000000000000000000000000000000000000000000000000000000000000000000000000000000000000000000000000000000000000000000000000000000000100000000000000000000000000000000010000000000000
0111111111111111111111111111111111111111111111111111111111111111111111111111111111111111111111111111111111111111111111111111111111111111111111111111111111111111111111111111111111111111111111111111111111111111111111111111
0100000000000000000000000000000000000000000000000000000000000000000000000000000000000000000000000000000000000000000000000001000000000000000000000000000000000000000000000000100000000000000000000000000000000010001000000001
0100000000000000000000000000000000000000000000000000000000000001100000000000000000000001000000000000000000000000000000000001000000000000000000000000000000000000000000000000010000000000000000000000000000000001001000000001
0100000000000000000000000000000000000000000000000000000010000000000000000000000000000100000000000000000000000000000000000011000000000000000000000000000000000000000000000000010000000000000000000000000000000001000000000001
0100000000000000000000000000000000000000000000000000000110000000000000000000000000000011000000000000000000000000000000000010000000000000000000000000000000000000000000000000010000000000000000000000000000000001001000000001
0100000000000000000000000000000000000000000000000000000000000000000000000000000000100000000000000000000000000000000000010010000000000000000000000000000000000000000000000000010000000000000000000000000000000001001000000001
0100000000000000000000000000000000000000000000000000100000000000000000000000000000000100000000000000000000000000010000011000000000000000000000000000000000000000000000000000010000000000000000000000000000000001001000000001
0100000000000000000000000000000000000000000000000011000000000000000000000000000000000000000000000000000000000000000000000100000000000000000000000000000000000000000000000000010000000000000000000000000000000001001000000001
0100000000000000000000000000000000000000000000011110000000000000000000000000000000000000000000000000000000000000000000001100000000000000000000000000000000000000000000000000010000000000000000000000000000000001001000000001
0100000000000000000000000000000000000000000000110000000000000000000000000000000000000000000000000000000000000000000000001000000000000000000000000000000000000000000000000000010000000000000000000000000000000000101000000001
0100000000000000000000000000000000000000000001100000000000000000000000000000000000010000000000000000000000000000000000001000000000000000000000000000000000000000000000000000010000000000000000000000000000000000101000000001
0100000000000000000000000000000000000000000111000000000000000000000000000000000000000000000000000000000000000000000000001000000000000000000000000000000000000000000000000000001000000000000000000000000000000000100100000001
0100000000000000000000000000000000000000011100000000000000000000000000000000000000000000000000000000000000000000000000001000000000000000000000000000000000000000000000000000001000000000000000000000000000000000100000000001
0100000000000000000000000000000000000001110000000000000000000000000000000000000000000000000000000000000000000000000000010000000000000000000000000000000000000000000000000000001000000000000000000000000000000000100000000001
0100000000000000000000000000000000000111000000000000000000000000000000000000000000000000000000000000000000000000000000010000000000000000000000000000000000000000000000000000001000000000000000000000000000000000100000000001
0100000000000000000000000000000000001100000000000000000000000000000000000000000000000000000000000000000000000000000000100000000000000000000000000000000000000000000000000000001000000000000000000000000000000000010000000001
0100000000000000000000000000000000111000000000000000000000000000000000000000000000000000000000000000000000000000000000100000000000000000000000000000000000000000000000000000001000000000000000000000000000000000010000000001
0100000000000000000000000000000001100000000000000000000000000000000000000000000000010000000000000000000000000000000000100000000000000000000000000000000000000000000000000000001000000000000000000000000000000000010010000001
0100000000000000000000000000000111000000000000000000000000000000000000000000000000000000000000000000000000000000000000100000000000000000000000000000000000000000000000000000000100000000000000000000000000000000010001000001
0100000000000000000000000000011100000000000000000000000000000000000000000000000000000000000000000000000000000000000000110000011111110000000000000000000000000000000000000000000100000000000000000000000000000000010001000001
0100000000000000000000000001110000000000000000000000000000000000000000000000000000000000000000000000000000000000000000001111100000001111000000000000000000000000000000000000000100000000000000000000000000000000010001000001
0100000000000000000000000011000000000000000000000000000000000000000000000000000000000000000000000000000000000000000000000000000000000000111111000000000000000000000000000000000100000000000000000000000000000000010000100001
0100000000000000000000000110000000000000000000000000000000000000000000000000000000000000000000000000000000000000000000000000000000000000000000111100000000000000000000000000000100000000000000000000000000000000010000000001
0100000000000000000000011100000000000000000000000000000000000000000000000000000000000000000000000000000000000000000000000000000000000000000000000011110000000000000000000000000100000000000000000000000000000000001000000001
0100000000000000000000110000000000000000000000000000000000000000000000000000000000000000000000000000000000000000000000000000000000000000000000000000001110000000000000000000000100000000000000000000000000000000001000000001
0100000000000000000011100000000000000000000000000000000000000000000000000000000000000000000000000000000000000000000000000000000000000000000000000000000001100000000000000000000010000000000000000000000000000000001000000001
0100000000000000000110000000000000000000000000000000000000000000000000000000000000000000000000000000000000000000000000000000000000000000000000000000000000111100000000000000000010000000000000000000000000000000001000000001
0100000000000000011000000000000000000000000000000000000000000000000000000000000000000000000000000000000000000000000000000000000000000000000000000000000000000110000000000000000010000000000000000000000000000000001000000001
0100000000000000110000000000000000000000000000000000000000000000000000000000000000000000000000000000000000000000000000000000000000000000000000000000000000000001110000000000000010000000000000000000000000000000001000100001
0100000000000000000000000000000000000000000000000000000000000000000000000000000000000000000000000000000000000000000000000000000000000000000000000000000000000000001110000000000010000000000000000000000000000000000100100001
0100000000000000000000000000000000000000000000000000000000000000000000000000000000000000000000000000000000000000000000000000000000000000000000000000000000000000000011100000000010000000000000000000000000000000000100010001
0100000000000010110000000000000000000000000000000000000000000000000000000000000000000000000000000000000000000000000000000000000000000000000000000000000000000000000000111000000010000000000000000000000000000000000100010001
0100000000000111010000000000000000000000000000000000000000000000000000000000000000000000000000000000000000000000000000000000000000000000000000000000000000000000000000001100000001000000000000000000000000000000000100010001
0100000000001100000000000000000000000000000000000000000000000000000000000000000000000000000000000000000000000000000000000000000000000000000000000000000000000000000000000110000001000000000000000000000000000000000100010001
0100000000111000000000000000000000000000000000000000000000000000000000000000000000000000000000000000000000000000000000000000000000000000000000000000000000000000000000000011100001000000000000000000000000000000000100010001
0100000001100000000000000000000000000000000000000000000000000000000000000000000000000000000000000000000000000000000000000000000000000000000000000000000000000000000000000000110001000000000000000000000000000000000100000001
0100000111000000000000000000000000000000000000000000000000000000000000000000000000000000000000000000000000000000000000000000000000000000000000000000000000000000000000000000011001000000000000000000000000000000000010000001
0100011100000000000000000000000000000000000000000000000000000000000000000000000000000000000000000000000000000000000000000000000000000000000000000000000000000000000000000000001001000000000000000000000000000000000010010001
0100110000000000000000000000000000000000000000000000000000000000000000000000000000000000000000000000000000000000000000000000000000000000000000000000000000000000000000000000001101000000000000000000000000000000000010010001
0101000000000000000000000000000000000000000000000000000000000000000000000000000000000000000000000000000000000000000000000000000000000000000000000000000000000000000000000000000100100000000000000000000000000000000010001001
0100000000000000000000000000000000000000000000000000000000000000000000000000000000000000000000000000000000000000000000000000000000000000000000000000000000000000000000000000000100100000000000000000000000000000000010001001
0100000000000000000000000000000000000000000000000000000000000000000000000000000000000000000000000000000000000000000000000000000000000000000000000000000000000000000000000000000010010000000000000000000000000000000010001001
0100000000000000000000000000000000000000000000000000000000000000000000000000000000000000000000000000000000000000000000000000000000000000000000000000000000000000000000000000000010011000000000000000000000000000000001001001
0100000000000000000000000000000000000000000000000000000000000000000000000000000000000000000000000000000000000000000000000000000000000000000000000000000000000000000000000000000000001000000000000000000000000000000001001001
1110000000000000000000000000000000000000000000000000000000000000000000000000000000000000000000000000000000000000000000000000000000000000000000000000000000000000000000000000000000001000000000000000000000000000000001001001
0101111000000000000000000000000000000000000000000000000000000000000000000000000000000000000000000000000000000000000000000000000000000000000000000000000000000000000000000000000000000100000000000000000000000000000001001001
0100000111110000000000000000000000000000000000000000000000000000000000000000000000000000000000000000000000000000000000000000000000000000000000000000000000000000000000000000000000000100000000000000000000000000000001000101
0100000000001111100000000000000000000000000000000000000000000000000000000000000000000000000000000000000000000000000000000000000000000000000000000000000000000000000000000000000000100110000000000000000000000000000001000101
0100000000000000011110000000000000000000000000000000000000000000000000000000000000000000000000000000000000000000000000000000000000000000000000000000000000000000000000000000000000100011000000000000000000000000000000100101
0100000000000000000001111000000000000000000000000000000000000000000000000000000000000000000000000000000000000000000000000000000000000000000000110010000000000000000000000000000000110001100000000000000000000000000000100101
0100000000000000000000000111110000000000000000000000000000000000000000000000000000000000000000000000000000000000000000000000000000000000000011001101001000000000000000000000000000000000000000000000000000000000000000100101
0100000000000000000000000000001111100000000000000000000000000000000000000000000000000000000000000000000000000000000000000000000000000111111100000000100000000000000000000000000000000000110000000000000000000000000000100001
0100000000000000000000000000000000011111100000000000000000000000000000000000000000000000000000000000000000000000000000000000000011111000000000010000011111000000000000000000000000000000010000000000000000000000000000100001
0100000000000000000000000000000000000000000000000000000000000000000000000000000000000000000000000000000000000000000000000000001000000000000001100000000000111110000000000000000000010000000000000000000000000000000000100001
0100000000000000000000000000000000000000000000000000000000000000000000000000000000000000000000000000000000000000000000000001110111000000100000000000000000000011100000000000000000000000000000000000000000000000000000100001
0100000000000000000000000000000000000000000000000000000000000000000000000000000000000000000000000000000000000000000000000111000000000000000000000000000000001000110000000000000000000000000000000000000000000000000000010001
0100000000000000000000000000000000000000000000000000000000000000000000000010000000000000000000000000000000000000000000001100000000000000000000000000000000000110011000000000000000000000000000000000000000000000000000010001
0100000000000000000000000000000000000000000000000000000000000000000000001110000000000000000000000000000000000000000000111000000000000000000000000000000000000011001000000000000000000000000000000000000000000000000000010001
0100000000000000000000000000000000000000000000000000000000000000000000001001000000000000000000000000000000000000000000100000000000000000000000000000000000000001000100000000000000000000000000000000000000000000000000010001
0100000000000000000000000000000000000000000000000000000000000000000000001001000000000000000000000000000000000000011001100000000000000000000000000000000000000000110100000000000000000000000000000000000000000000000000010001
0100000000000000000000000000000000000000000000000000000000000000000000001110000000000000000000000000000000000000110001000000000000000000000000000000000000000000010000000000000000000000000000000000000000000000000000010001
0100000000000000000000000000000000000000000000000000000000000000000000000010000000000000000000000000000000000001100000000000000000000000000000000000000000000000011100000000000000000000000001000000000000000000000000010001
0100000000000000000000000000000000000000000000000000000000000000000000000100000000000000000000000000000000000011000010000000000000000000000000000000000000000000000100000000000000000000000000000000000000000000000000001001
0100000000000000000000000000000000000000000000000000000000000000000000000010000000000000000000000000000000001110000110000000000000000000000000000000000000000000000100000000000000000000000000000000000000000000000000001001
0100000000000000000000000000000000000000000000000000000000000000000000000000000000000000000000000000000000011000000000000000000000000000000000000000000000000000000100000000000000000000000000000000000000000000000000001001
0111110000000000000000000000000000000000000000000000000000000000000000000010000000000000000000000000000000000000000000000000000000000000000000000000000000000000000110000000000000000000000000000000000000000000000000001001
0100001111111100000000000000000000000000000000000000000000000000000000000010000000000000000000000011111111100000000000000000000000000000000000000000000000000000000011000000000000000000000000000000000000000000000000001001
0100000000000011111111000000000000000000000000000000000000000000000000000010000000000000000000000010000000000000000000000000000000000000000000000000000000000000000001100000000000000000000000000000000000000000000000001001
0100000000000000000000111110000000000000000000000000000000000000000000000000000000000000000000001110000000000000000000000000000000000000000000000000000000000000000000110000000000000000000000000000000000000000000000000101
0100000000000000000000000001111110000000000000000000000000000000000000000000000000000000000000001000000000000000000000000000000000000000000000000000000000000000000000011000000000000000000000000000000000000000000000000101
0100001101111111100000000000000001111100000000000000000000000000000000000000000000000000000000111000000000000000000000000000000000000000000000000000000000000000000000001000000000000000000000000000000000000000000000000101
0100010000000000011111111110000000000011110000000000000000000000000000000000000000000000000000100000000000000000000000000000000000000000000000000000000000000000000000001100000000000000000000000000000000000000000000000001
0100000000000000000000000001111000000000001100000000000000000000000000000000000000000000000001000000000000000000000000000000000000000000000000000000000000000000000000000110000000000000000000000000000000000000000000000001
0100000000000000000000000000000110000000000100000000000000000000000000000010000000000000000011000000000000000000000000000000000000000000000000000000000000000000000000000011000000000000000000000000000000000000000000000001
0100000000000000000000000000000000100000000011111111000000000000000000000010000000000000000010000000000000000000000000000000000000000000000000000000000000000000000000000001100000000000000000000000000000000000000000000001
0100000000000000000000000000000111101110000000000000111110000000000110000100000000000000000110000000000000000000000000000000000000000000000000000000000000000000000000000000100000000000000000000000000000000000000000000001
0100000000000000000000000000001100000000000000000000000001111111111001111011000000000000000100000000000000000000000000000000000000000000000000000000000000000000000000000000110000000000000000000000000000000000000000000001
0100000000000000000000000001110000000000000000000000000000000000000000000001001000000000001100000000000000000000000000000000000000000000000000000000000000000000000000000000001110000000000000000000000000000000000000000001
0100000000000000000000000110000000000000000000000000000000000000000000001001000000000000001000000000000000000000000000000000000000000000000000000000000000000000000000000000000011100000000000000000000000000000000000000001
0100000000000000000000111000000000000000000000000000000000000000000000001111000000000000011000000000000000000000000000000000000000000000000000000000000000000000000000000000000000110000000000000000000000000000000000000001
0100000000000000000011100000000000000000000000000000000000000000000000000000000000000000010000000000000000000000000000000000000000000000000000000000000000000000000000000000000000010000000000000000000000000000000000000001
0100000000000000001110000000000000000000000000000000000000000000000000000000000000000000010000000000000000000000000000000000000000000000000000000000000000000000000000000000000000011000000000000000000000000000000000000001
0100000000000000111000000000000000000000000000000000000000000000000000000000000000000000100000000000000000000000000000000000000000000000000000000000000000000000000000000000000000001000000000000000000000000000000000000001
0100000000000011100000000000000000000000000000000000000000000000000000000000000000000000100000000000000000000000000000000000000000000000000000000000000000000000000000000000000000001100000000000000000000000000000000000001
0100000000001110000000000000000000000000000000000000000000000000000000000000000000000001100000000000000000000000000000000000000000000000000000000000000000000000101000000000000000000110000000000000000000000000000000000001
0100000001110000000000000000000000000000000000000000000000000000000000000110000000000001000000000000000000000000000000000000000000000000000000000000000000000000011100000000000000000010000000000000000000000000000000000001
0100000011000000000000000000000000000000000000000000000000000000000000011101000000000010000000000000000000000000000000000000000000000000000000000010001110000000000111000000000000000010000000000000000000000000000000000001
0100011100000000000000000000000000000000000000000000000000000000000011100000000000000010000000000000000000000000000000000000000000000000000000000111110001111100000001110000000000000001000000000000001100000000000000000001
0101110000000000000000000000000000000000000000000000000000000000001110000000000000000010000000000000000000000010000000000000000000000000000000011100000000011010000000011100000000000001000000000000110011100000000000000001
0101000000000000000000000000000000000000000000000000000000000001110000000000000000000010000000000000000000000000000000000000000000000000000001100000000000000000000000000110000000000001000000000001100000100000000000000001
0100000000000000000000000000000000000000000000000000000000000111000000000000000000000001000000000000000000000100100000000000000000000000001111000000000000000000000000000011000000000001000100000011000000010000000000000001
0100000000000000000000000000000000000000000000000000000001111100000000000000010110000001000000000000000001101101000000000000000000000000111000000000000000000000000000000001000000000001000000000110000000011000000000000001
0100000000000000000000000000000000000000000000000000000011000000000000000000010000000010000000000000000011000001000000000000000000000011000000000000000000000000000000000001000000000000100000001100000111001000000000000001
0100000000000000000000000000000000000000000000000000001100000000000000000000000000000001000000000000000000000001000000000000000000000000000000000000000000000000000000000001000000000000100000001000001100001100000000000001
0100000000000000000000000000000000000000000000000001111000000000000000000000010000000001000000000000000000000000000000000000000000000000000000000000000000000000000000000000110000000000100000011000001000000100000000000001
0100000000000000000000000000000000000000000000000111000000000000000000000011101000000001000000000000001100000011000000000000000000000000000000110000000000000000000000000000000000000000100000110000001000000100000000000001
0100000000000000000000000000000000000000000000011000000000000000000000011100000100000000100000000001111000011100111100000000000000000000000000000000000000000000000001110000000010000000100000100000000100010010000000000001
0100000000000000000000000000000000000000000111110000000000000000000001110000010010000000100000000011000011100000000011000000000000000000000000000000000000000000000000011000001011000000100000100000001100010010000000000001
0100000000000000000000000000000000000000011100000000000000000000000011000011000010000000100000001110000110000000000001100000000000000000000000001000000000000000000000001011101000000000100000100000000100000010000000000001
0100000000000000000000000000000000000000110000000000000000000000011100011100000010000000100000011000011100000000000000100000000000000000000000010000000000000011110000000000000000000000010000100000000100000010000000000001
0100000000000000000000000000000000000111000000000000000000000001110000000000011011000000100000110001100000000000000000000000000000000000011000010000000000000010011000000000000000000000011000100000000010001010000000000001
0100000000000000000000000000000000011000000000000000000000001110000000000000000001000001000000100000000000000000000000000000000000000000001100100000000000000010001010000000000000000000001001000000000010000010000000000001
0100000000000000000000000000000001110000000000000000000001111000000000000000000001100001000001100000000000000000000000000000000001111000000101000000000000000011011010000010000000000000001001000000000001000001000000000001
0100000000000000000000000000001111000000000000000000000011000000000000000000000000100001000001000000000000000000000000000000000111000000011001000000001000000001110011101110000000000000001000000111100001100010000000000001
0100000000000000000000000001110000000000000000000000001110000000000000000000000000100001000010000000000000000000000000000000001100000000000101000000011000000001000010000000000000000000001000000100110000100010000000000001
0100000000000000000000000110000000000000000000000011111000000000010000000000000000100000100010000000000000000000000000000100001000000000000100100000001000000001000100000000000000000000000100000100001100100010000000000001
0100000000000000000011111000000000000000000000111100000000000000000000000000000000010000100010000000000000000000000000000000001000000000000110000000001100000111001000000000000000000000000000000100000110010010000000000001
0100000000000000011110000000000000000000000000000000000000000000000000000000000000010000100001000000000000000000000000000000001000000000000011000000000110011100000000000000000000000000000000000100000010010010000000000001
0100000000000000110000000000000000000000000000000000000000000000000000000000000000010000100001100000000000000000000000000000001000000000000001100000000000010000000000000000000000000000000000000110000011010010000000000001
0100000000000001100000000000000000000000111000000000000000000000000000000000000000011000100001000000000000000000000000000000010000000000000000110000000000000000000000001100000000000000000000000011100001010010000000000001
0100000000011111000000000000000000000111000111110000000000000001111000000000000000001100100001000000000000000000000000000000010000000000000000011000000000000000000000000000000000000000000000000000110001000010000000000001
0100000000100000000000000000000000011100000000001111110000000000000000000000000000100100010000100000000010010000000000000000010000000000000000001100000000000000000000000000000000000000000000000000010001000010000000000001
0100000111000000000000000000000111110000000000000000001111111000000000000000000000000100010000100000000010010000000000000000010000000000000000000111111000000000100000000000000000000000000000000000010001000010000000000001
0100001100000000000000000000111100000000000000000000000000000111111000001111000000110100010000010000000010010000000010000000010000000000000000000000000111111110000000000000000000000000100000000000010001000010000000000001
0101111000000000000000000011100000100000000000000000000000000000000111110000111110000100010000010000000110011000000110000000100000000000000000000000000000000000000000000000000000000000000001000001110011000010000000000001
0100000000000000000000001110000000111100000000000000000000000000000000000000000011000010001000010000000100001110111000000001000000000000000000000000000000000000000000000000000000000000000000100011000110000010000000000001
0100000000000000000011111000000000000011110000000000000000000000000000000000000001000010001001001000011000000001000000000011000000000000000000000000000000000000000000000000000000000000000000100010000100000010000000000001
0100000000000000000110000000000000000000001100000000000000000000000000000000000000100100001001001101100011000000000000000110000000000000000000000000000000000000000000000000000000000000000000100110001001010010000000000001
0100000000000000111100000000000000000000000011110000000000000000000000000000000000100100001000100010000000000000000000001100000000000000000000000000000000000000000000000000000000000000000001000101010010010010000000000001
0100000000000011100000000000000000000000000000001110000000000000000000000000000000100000001001000000000011000000000000111000000000000000000000000000000000000000000000000000000000000000000000000100110010000100000000000001
0100000000000110000000000000000000000000000000000001110000000000000000000000000000100100001001000000000010000000000001100000000000010000000000000000000000000000000000000000000000000000000000000101100010000100000000000001
0100000000011100000010000000000000000000000000000000001100000000000000000000000000010000001000000000000011000000011110000000000100001000000000000000000000000000000000000000000000000000000000000001000000100100000000000001
0100000001110000000000011111100000000000000000000000000011111000000000000000000000010001001000000000000000100111100000000000000000000000000000000000000000000000000000000000000000000000000000000000000000001000000000000001
0100001110000000000000000000011111111111111000011000000000001100000000000000000000010001101000000000000000011000000000000000000000000000000000000000000000000000000000000000000000000000000000000000000000001000000000000001
0100111000000000000000000000000000000000000111100000000000000100000000000000000000010000100000000000000000100000000000000000010000001000000000000000000000000000000000000000000000000000000000000000000000001000000000000001
0100100000000000000000000000000000000000000000000000000000000010000000000000000000010000100000000000111111000000000000000000000000000100000000000000000000000000000000000000000000000000000000000000000001010000000000000001
0100111111000000000000000000000000000000000000000000000000000010000000000000000000001000010100000000000000000000000000000000010000000100000000000000000000000000011000000000000000000000000000000000000000010000000000000001
0100000000111111111100000000000000001000000000000000000000000010000000000000000000001000100100000000000000000000000000000000000000000000000000000000000000000000001100000000000000000000000000000000000000110000000000000001
0100000000000000000011111100000000001000000000000000000000000010000000000000000000001000100100000000000000000000000000000000000000000100000000000000000000000000000110000010000000000000000000000000000000100000000000000001
0101110000111000000000000011110000010000000000000000000000000001000000000000000000001100100100000000000000000000000000000000000000001100000000000000000000000000000001100000000000000000000000000001100001100000000000000001
0101000000000011111111000000001110010000000000010000000000000001000000000000000000000100010100000000000000000000000000000011000000001000000000000000000000000010000000011100001100000000000000000000100011000000000000000001
0101000000000000000000011111000011000111111100010000000000000001000000000000000000000100010010000000000000000000000000000010000000010001000000000000010000000000010000000111000010000000000000000000000110000000000000000001
0101000000000000100000000001110001000000010000001111000000000000100000000000000000000010010010000000000010000000000000001111000000010110000001000011110000000000000000000001100001000011000000000010001100000000000000000001
0100000000000000110000000000010001000000010011100001000000000000100000000000000000000010010010000000001110000000000100011001000000110000000000001100000000000000000000000000111000000010000000000000110000000000000000000001
0100000000000000001111110001110001000111010100001000100000000000100000000000000000000010010001000000001000000000001000000001000011100000000000011000000000000000000000000000001100000010000000000000100000000000000000000001
0100000000000000000000000000110001001001001010001000100000000000100000000000000000000001010001000000000000000000000000000001111100000000000000110000000000000000000000000000000110000000000000000000100000000000000000000001
0100000000000000000000000000010001001111001010001000100000000000010000000000000000000001010001000000100010000000000000000000100000000000000000000000000000000000000000000000000010100001101000000000100000000000000000000001
1110000110000000000000000000100011000100001010001000100000000000010000000000000000000001001101000001100110000000000000000000000000100000000000000000000000000000000000000000000010100001001111000000100000000000000000000001
0101111001100000000000000000110010000001001010001000100000000000010000000000000000000001000100000000000000000000000000000000000000011111000000010000000000000000000000000000000010000001000000100000100000000000000000000001
0100000000011111111111000000001100001001101010001000100000000000001000000000000000000110000010000000000000000000000000000000000000000000110000000000000000000000000000000000000010000010000000100000100000000000000000000001
0100000000000000000000111111100000111000111010001000010000000000001000000010000011111000100000000000000110000000000000000000000000000000000000000000000000000000000000000000000010000010000000010000010000000000000000000001
0100000000000000000000000000000000000110001010001000010000000000001000111101111100000000100000000000001100000000000000000000000000000000000000000000000000000000000001000000000000000010000000010000010000000000000000000001
0100000000000000000000000000000000000001001010001000010000000000001000100000000000111110110000000100111000000000000000000000000000000000000000000000000000000000000011000000000000000010000000011000010000000000000000000001
0100000000000000000000000000000000000000001001000100001000000000000101000000001111000000011000000101100000000000000000000000000000000000000000000010000000000000001110101000000000000010000000010000010000000000000000000001
0100000000000000000000000000000000000000001001000100001000000000000100100000111000000000001000000100000000000000000000000000000000000000000000001110000000000001111000011000000000000010000000010000010000000000000000000001
0100000000000000000000000000000000000000001001010100001100000000000100110111100000000000001100000100000000000000000000000000000000000000000001111000000000000111000000110000000000000010000000100000001000000000000000000001
0100000000000000000000000000000000000000001001000100001000000000000010101000000000000000000110000100000000000000000000000000000000000000001111000000000000000100000001100000000000000000000000100010001000000000000000000001
0100000000000000000000000000000000000000001001000100000100000000000010000000000000000000000011000100000000000000000000000000000000000000000000000000000000000000000011000000000000000110000000100010001000000000000000000001
0100000000000000000000000000000000000000001001000100001000000000000010000000000000000000001001100010000000000000000000000000000000000000000000000000000000111000000110000000000000001100000000100010001000000000000000000001
0100000000000000000000000000000000000000001001111101001000000000000010000000000000000000000100110100000000001000000000000000000000000000000000000000001110101000001100000000000000001000000000010010000100000000000000000001
0100000000000000000000000000000000000000000100100001001000000000000010000000000000000000000100010000100000000000000000000000000000000000000000000011111011001000011000000000000000001000000000100010100100000000000000000001
0100000000000000000000000000000000000000000101000000000100000000000001000000000000000000000100011000100000000000000000000000000010000000000000001110000001001000010000000000000000001000000001000010000100000000000000000001
0100000000000000000000000000000000000000000100000000000100000000000001000000000000000000000100001100000000000000000000000000011101000000000011111000000011010000100000000001001000001000000011001100000010000000000000000001
0100000000000000000000000000000000000000000100000000000100000000000001000000000000000000000100000100000000000010000000000011100000000000011100000000010110000001100000000001000000000000000100000100000010000000000000000001
0100000000000000000000000000000000000000000100000100100100000000000001000000000000000000000010000110000000000011000000010010000100001111110000000001111000000011000000000000000000000000000000000100000010000000000000000001
0100000000000000000000000000000000000000000100010100000100000000000001000000000000000000000010010010000000000001000000011100000001001000000000001110000000001010000000000000000000000000001000000100000010000000000000000001
0100000000000000000000000000000000000000000100010100000100000000000000100000000000000000000010000011000000000000000000000110000000100000000001100000000000000110000000000000000000000000010000000100000010000000000000000001
0100000000000000000000000000000000000000000010011100000100000000000000100000000000000000000010010001000000000000000000000001100000000100000000001000000000001000000000000010000000000000000000000100000001000000000000000001
0100000000000000000000000000000000000000000010010110000010000000000000100000000000000000000010010000100000000000000000000000011111011100000000111000000000110000000000000110000000000000000000000010000001100000000000000001
0100000000000000000000000000000000000000000010010010000010000000000000100000000000000000000010010000100000000000000000000000000000100011110000000000000000000000000000001100000000000000000000000010000000100000000000000001
0100000000000000000000000000000000000000000010010010000010000000000000010000000000000000000010010000010000000000000000000000000000000000000000000000000000000000000000001000000000000000000000000000010000100000000000000001
0100000000000000000000000000000000000000000010010001000010000000000000010000000000000000000001010000010000000000000000000000000000000000000000000000000000000000000000001000000000000000000000000000010000100000000000000001
0100000000000000000000000000000000000000000010010010000010000000000000010000000000000000000001001000010000000000000000000000000000000000011100000000000000000000000000010000000000000001100000000010000000100000000000000001
0100000000000000000000000000000000000000000001010010010010000000000000010000000000000000000001001000001000000000000000111000000000000011110000000000000000000000000000100000000000000001000000000010000010010000000000000001
0100000000000000000000000000000000000000000001010010000010000000000000001000000000000000000001000000001000000000000000001100000000000010000000000000000000000000000001100000000000000001000000000000000100010000000000000001
0100000000000000000000000000000000000000000001001001000001000000000000001000000000000000000001000000000100000000000000000110000000000000000000000000000000000000000000000000000000000001000000000000000100001000000000000001
0100000000000000000000000000000000000000000001001001000001000000000000001000000000000000000001000000000100000000000000000011000000000111000000000000000000000000000000000000000000000001000000001000000101001100000000000001
0100000000000000000000000000000000000000000001001001000001000000000000001000000000000000000000100000000100000000000000000001100000011100000000000000000000000000000000000000000000000000100000001000000101000111000000000001
0100000000000000000000000000000000000000000001001001000001000000000000000100000000000000000000100000000100000000000000000000110000110000000000000000000000000000000000000000000000000000100000010000000101000000110000000001
0100000000000000000000000000000000000000000001001001000001000000000000000100000000000000000000100000000100100000000000000010010000100000000000000000000000000000000000000000000000000000000000010000000000000100011111111001
0100000000000000000000000000000000000000000000101001000001000000000000000100000000000000000000100000000100010000000000000001000000000000000000000000000000000000000000000000000000000000000000100000000000001000000000001111
0100000000000000000000000000000000000000000000101001000001000000000000000100000000000000000000100000000100011000000000000000000000000100000000000000000000000000000000000000000000000000000000100000000000001000000000000001
0100000000000000000000000000000000000000000000100101000000100000000000000100000000000000000000100000000010001000000000000000000000000000000110000000000000000000000000000000000000000000000001100000000000001000000000001001
0100000000000000000000000000000000000000000000100101000100100000000000000010000000000000000000100000000010000100000000000000000000000000000000000000000000000000000000000000000000000000000011000000000000010000000000000001
0100000000000000000000000000000000000000000000100101000100100000000000000010000000000000000000100000000010010010000000000000001000000000000000000000000000000000000000000000000000000000000110000000000000010000000000000001
0100000000000000000000000000000000000000000000100100100000100000000000000010000000000000000000010000000010010011000000000000000010000000000000000000000000000000000000000000000000000000001100000000000000010000000000000001
0100000000000000000000000000000000000000000000100100100000100000000000000010000000000000000000010000000010011001100000000000000001000000000000000000000000000000000000000000000000000000001000000000000000010000000000000001
0100000000000000000000000000000000000000000000100100100000100000000000000001000000000000000000010000000010001100000000000000000001000000000000000000000000000000000000000000000000000000011000000000000000010000000000000001
0100000000000000000000000000000000000000000000010100100000010000000000000001000000000000000000010000000001000110000000000000000000000000000000000000000000000000000000000000000000000000110000000000000000100000000000000001
0100000000000000000000000000000000000000000000010100100000010000000000000001000000000000000000010000000001000011000000000000000010000000000000000000000000000000000000000000000000000001000000000000000000100000000000000001
0100001111111000000000000000000000000000000000010100100000010000000000000001000000000000000000010000000001000001100000000000000001000000000000000000000000000000000000000000000000000011000000000000000000100000000000000001
1111111000001100000000000000000000000000000000010010100000010000000000000001000000000000000000010000000001000000110000000000000001100000000000000000000000000000000000000000000000000010000000000000000000100000000000000001
0100000000000110010001111000000000000000000000010010100000010000000000000000100000000000000000010000000001000000011000000000000000011111100000000000000000000000000000000000000000000110000000000000000001000000000000000001
0100000000000010010011000111100000000000000000010010100000010000000000000000100000000000000000001000000001000000001110000000000000000001100000000000000000000000000000000000000000001100000000000000000001000000000000000001
0100000000000010000110000000110000000000000000010010010000001000000000000000100000000000000000001000000001000000000011000000000000000000000000000000000000000000000000000000000000011000000000000000000001000000000000000001
0100000000000010000100000000011001000000000000010010010001001000000000000000010000000000000000001000000001000100000001110000000000000000100000000000000000000000000000000000000000110000000000000000000010000000000000000001
0100000000000001000100000000001001000000000000001010001001001000000000000000010000000000000000001000000000100010000000011000000000000000111000000000000000000000000000000000000001100000000000000000000010000000000000000001
0100000000000001000100000000001001000000000000001010010001001000000000000000010000000000000000001000000000100010000000001100000000000000001100000000000000000000000000000000000111000000000000000000000010000000000000000001
0100000000000001000100000000000100000000000000001001010001001000000000000000010000000000000000001000000000100010000000000100000000000000000000000000000000011000000000000000001100000000000000000000000010000000000000000001
0100000000000001000100000000000101000000000000001001010001001000000000000000010000000000000000001000000000100000000000000001110000000000000000000000000011100000000000000000011000000000000000000000000100000000000000000001
0100000000000001000100000000000100000000000000001001010000001000000000000000001000000000000000001000000000100000000000000001011000000000000000000000011100000000000000000001110000000000000000000000000100000000000000000001
0100000000000001000100000000000100000000000000001001010000000100000000000000001000000000000000000100000000100000000000000001001100000000000000000000000000000000000000000011000000000000000000000000000100000000000000000001
0100000000000001000100000000000100000000000000001001010000000100000000000000001000000000000000000100000000100000000000000000100111000000000000000000000000000000000000001100000000000000000000000000000100000000000000000001
0100000000000001010100000000000101000000000000001001010000000100000000000000001000000000000000000100000000010000000000000000100001100000000000000000000000000000000000011000000000000000000000000000001000000000000000000001
0100000000000001010100000000000101000000000000001001001000000100000000000000000100000000000000000100000000010000000000000000100000111000000000000000000000000000000011110000000000000000000000000000001000000000000000000001
0100000000000001010100000000001001000000000000000101001000000100000000000000000100000000000000000100000000010000000000000000010000001100000000000000000000000000000000000000000000000000000000000000001000000000000000000001
0100000000000001011100000000001000000000000000000101001000000100000000000000000100000000000000000100000000010000000000000000010000000110000000000000000000000000000000000000000000000000000000000000010000000000000000000001
0111100000000001110000000000001001000000000000000100101000010100000000000000000100000000000000000100000000010000000000000000010000000011001100000000000000000000000000000000000000000000000000000000010000000000000000000001
0100111000000010000000000000001000000000000000000100101000000010000000000000000010000000000000000100000000010000000000000000001000000001100011000000000000000000000000000000000000000000000000000000100000000000000000000001
0100000111000100011000000000001001100000000000000100101000000010000000000000000010000000000000000100000000010000000000000000001000000000110001111000000000000000000000000000000000000000000000000000100000000000000000000001
0100000000110000001100000000010001000000000000000100101000000010000000000000000010000000000000000100000000010000000000000000001000000000011000000000000000000000000000000000000000000000000000000001000000000000000000000001
0100000000001111110011111100110011000000000000000100100100000010000000000000000010000000000000000100000000001000000000000000000100000000001100000000000000000000000000000000000000000000000000000001000000000000000000000001
0100000000000000000000000011000000000000000000000100100100000010000000000000000001000000000000000100000000001000000000000000000100000000000110000000000000000000000000000000000000000000000000000011000000000000000000000001
0100000000000000000000000000000000000000000000000010010100000010000000000000000001000000000000000100000000001000000000000000000100000000000010000000000000000000000000000000000000000000000000000010000000000000000000000001
0100000000000000000000000000000000000000000000000010010100000001000000000000000001000000000000000100000000001000000000000000000100000000000010000000000000000000000000000000000000000000000000000110000000000000000000000001
0100000000000000000000000000000000000000000000000010010100000001000000000000000001000000000000000100000000001000000000000000000010000000000011000000000000000000000000000000000000000000000000000100000000000000000000000001
0100000000000000000000000000000000000000000000000010010100000001000000000000000000100000000000001100000000001000000000000000000010000000000001100000000000000000000000000000000000000000000000001000000000000000000000000001
0100000000000000000000000000000000000000000000000010010100000001000000000000000000111111111100001000000000001000000000000000000010000000000001011000000000000000000000000000000000000000000000001000000000000000000000000001
0100000000000000000000000000000000000000000000000010010010000001000000000000000000000000000011110000000000001000000000000000000010000000000000001100000000000000000000000000000000000000000000001000000000000000000000000001
0100000000000000000000000000000000000000000000000010010010000001000000000000000000000000000000000100000000000100000000000000000010000000000000000000000000000000000000000000000000000000000000010000000000000000000000000001
0100000000000000000000000000000000000000000000000010010010000001000000000000000000000000000000000100000000000100000000000000000010000000000000000000000000000000000000000000000000000000000000110000000000000000000000000001
0100000000000000000000000000000000000000000000000001000110000000100000000000000000000000000000000110000000000100000000000000000010000000000000000000000000000000000000000000000000000000000001100000000000000000000000000001
0100000000000000000000000000000000000000000000000001000100000000100000000000000000000000000000000000000000000100000000000000000010000000000000001000000000000000000000000000000000000000000001000000000000000000000000000001
0100000000000000000000000000000000000000000000000001000100000000100000000000000000000000000000000010000000000100000000000000000010000000000000000000000000000000000000000000000000000000000011000000000000000000000000000001
0100000000000000000000000000000000000000000000000001001100000000100000000000000000000000000000000110000000000100000000000000000010000000000000000000000000000000000000000000000000000000000110000000000000000000000000000001
0100000000000000000000000000000000000000000000000001001000000000100000000000000000000000000000000010000000000100000000000000000001001110000000000000000000000000000000000000000000000000000100000000000000000000000000000001
0100000000000000000000000000000000000000000000000001001000000000010000000000000000000000000000000010000000000100000000000000000001011010000000000000000000000000000000000000000000000000001100000000000000000000000000000001
0100000000000000000000000000000000000000000000000000100000000000000000000000000000000000000000000010000000000010000000000000000000100000000000000000000000000000000000000000000000000000000000000000000000000000000000000001
0111111111111111111111111111111111111111111111111111111111111111111111111111111111111111111111111111111111111111111111111111111111111111111111111111111111111111111111111111111111111111111111111111111111111111111111111111
