0000000000000000000000000000000000000000000000000000000000000000000000000000000000000000000000000000000000000000000000000000000000000000000000000000000000000000000000000000000000000000000000000000000000000000000000000000
0111111111111111111111111111111111111111111111111111111111111111111111111111111111111111111111111111111111111111111111111111111111111111111111111111111111111111111111111111111111111111111111111111111111111111111111111111
0100000000000000000000000000000000000000000000000000000000000000000000000000000000000000000000000000000000000000000000000000000000000000000000000000000000000000000000000000000000000000000000100000000000000000000000000001
0100000100000000000000000000000000000000000000000000000000000000000000000000000000000000000000000000000000000000000000000000000000000000000000000000000000000000000000000000000000000000000000010001100000000000000000000001
0100001000000000000000000000000000000000000000000000000000000000000000000000000000000000000000000000000000000000000000000000000000000000000000000000000000000000000000000000000000000000000000010001011111111111111110000001
0100010000000000000000000000000000000000000000000000000000000000000000000000000000000000000000000000000000000000000000000000000000000000000000000000000000000000000000000000000000000000000000010001000000000000000001111111
0100010100000000000000000000000000000000000000000000000000000000000000000000000000000000000000000000000000000000000000000000000000000000000000000000000000000000000000000000000000000000000000010001111111111000000000000001
0100000100000000000000000000000000000000000000000000000000000000000000000000000000000000000000000000000000000000000000000000000000000000000000000000000000000000000000000000000000000000000000001000000000000111111111111111
0100000100000000000000000000000000000000000000000000000000000000000000000000000000000000000000000000000000000000000000000000000000000000000000000000000000000000000000000000000000000000000000001000000000000000000000000001
0100000000000000000000000000000000000000000000000000000000000000000000000000000000000000000000000000000000000000000000000000000000000000000000000000000000000000000000000000000000000000000000001001111111111110111100000001
0100000000000000000000000000000000000000000000000000000000000000000000000000000000000000000000000000000000000000000000000000000000000000000000000000000000000000000000000000000000000000000000001001000000000000000011111111
0100000000000000000000000000000000000000000000000000000000000000000000000000000000000000000000000000000000000000000000000000000000000000000000000000000000000000000000000000000000000000000000001001111111111101111000000001
0100000000000000000000000000000000000000000000000000000000000000000000000000000000000000000000000000000000000000000000000000000000000000000000000000000000000000000000000000000000000000000000001000000000000000000011111111
0100000000000000000000000000000000000000000000000000000000000000000000000000000000000000000000000000000000000000000000000000000000000000000000000000000000000000000000000000000000000000000000001001111111111111111100000001
0100000000000000000000000000000000000000000000000000000000000000000000000000000000000000000000000000000000000000000000000000000000000000000000000000000000000000000000000000000000000000000000001000100000000000000011111111
0100000000000000000000000000000000000000000000000000000000000000000000000000000000000000000000000000000000000000000000000000000000000000000000000000000000000000000000000000000000000000000000001000111111111111000000000001
0100000000000000000000000000000000000000000000000000000000000000000000000000000000000000000000000000000000000000000000000000000000000000000000000000000000000000000000000000000000000000000000001000000000000000111111111111
0100000000000000000000000000000000000000000000000000000000000000000000000000000000000000000000000000000000000000000000000000000000000000000000000000000000000000000000000000000000000000000000001000111111111000000000000001
0100000000000000000000000000000000000000000000000000000000000000000000000000000000000000000000000000000000000000000000000000000000000000000000000000000000000000000000000000000000000000000000001000100000000111111111111111
0100000000000000000000000000000000000000000000000000000000000000000000000000000000000000000000000000000000000000000000000000000000000000000000000000000000000000000000000000000000000000000000000100111110000000000000000001
0100000000000000000000000000000000000000000000000000000000000000000000000000000000000000000000000000000000000000000000000000000000000000000000000000000000000000000000000000000000000000000000000100000001111111111111111101
0100000000000000000000000000000000000000000000000000000000000000000000000000000000000000000000000000000000000000000000000000000000000000000000000000000000000000000000000000000000000000000000000100001000000000000000000011
0100000000000000000000000000000000000000000000000000000000000000000000000000000000000000000000000000000000000000000000000000000000000000000000000000000000000000000000000000000000000000000000000100110111111111111111111001
0100000000000000000000000000000000000000000000000000000000000000000000000000000000000000000000000000000000000000000000000000000000000000000000000000000000000000000000000000000000000000000000000100000000000000000000000111
0100000000000000000000000000000000000000000000000000000000000000000000000000000000000000000000000000000000000000000000000000000000000000000000000000000000000000000000000000000000000000000000000100011111111111111000000001
0100000000000000000000000000000000000000000000000000000000000000000000000000000000000000000000000000000000000000000000000000000000000000000000000000000000000000000000000000000000000000000000000100000000000000000000001111
0100000000000000000000000000000000000000000000000000000000000000000000000000000000000000000000000000000000000000000000000000000000000000000000000000000000000000000000000000000000000000000000000100111111111111100000000001
0100000000000000000000000000000000000000000000000000000000000000000000000000000000000000000000000000000000000000000000000000000000000000000000000000000000000000000000000000000000000000000000000100100000000000011111111111
0100000000000000001000000000000000000000000000000000000000000000000000000000000000000000000000000000000000000000000000000000000000000000000000000000000000000000000000000000000000000000000000000100111111111100000000000001
0100000000000000010000000110000000000000000100100000000000000000000000000000000000000000000000000000000000000000000000000000000000000000000000000000000000000000000000000000000000000000000000000100000000000000000000111111
0100000000000000000000001100000000000000000000010000000000000000000000000000000000000000000000000000000000000000000000000000000000000000000000000000000000000000000000000000000000000000000000000100111111111111111110000001
0100000000000000000000011000000000011100000111001000000000000000000000000000000000000000000000000000000000000000000000000000000000000000000000000000000000000000000000000000000000000000000000000100000000000000000001111111
0100000000000000000000110000000001110000000001100100110000000000000000000000000000000000100000000000000000000000000000000000000000000000000000000000000000000000000000000000000000000000000000000100111111111111111110000001
0100000000000000000001100000001011000000000000000111001000000011000000001110000000000000111000000000000000000000000000000000000000000000000000000000000000000000000000000000000000000000000000000100000000000000000000001111
0100000000000000000011000000011010000000000000000000000000000000000000000000000000000000001000000000000000000000000000000000000000000000000000000000000000000000000000000000000000000000000000000100001111111111111111110001
0100000000000000000110000000110000110000000000000000001000000000000000000000000000000000000000000000000000000000000000000000000000000000000000000000000000000000000000000000000000000000000000000100110000000000000000000001
0100000000000000000100000001100001100000000000000000000100000000000010100000000000000000110000000000000000000000000000000000000000000000000000000000000000000000000000000000000000000000000000000100000111111111111111111111
0100000000000000000100000011001110000000000000000000000000010110001100011000000000000000011000000000000000000000000000000000000000000000000000000000000000000000000000000000000000000000000000000100110000000000000000000001
0100000000000000000100000110011000000000000000000000000000000000000000000000000000000000001000000000000000000000000000000000000000000000000000000000000000000000000000000000000000000000000000000100000000111111111111111111
0100000000000000001000001100000000000000000000000000000000000000000000000000000000000000001100000000000000000000000000000000000000000000000000000000000000000000000000000000000000000000000000000100111111000000000000000001
0100000000000000001000001000000000000000000000000000000000000011000000000000000000000000000110000000000000000000000000000000000000000000000000000000000000000000000000000000000000000000000000000100000000000001111111111111
0100000000000000011000011000000000000000000000000000000000000000000000000000000000000000000011000000000000000000000000000000000000000000000000000000000000000000000000000000000000000000000000000111111111111110000000000001
0100000000000000010000010000000000000000000000000000000000000000000000000000000000000000000001100000000000000000000000000000000000000000000000000000000000000000000000000000000000000000000000000100000000000001111111111111
0100000000000000100000100000000000000000000011000000000000000000000000000000000000000000000000000000000000000000000000000000000000000000000000000000000000000000000000000000000000000000000000000101111111111110000000000001
0100000000000001100001100000000000000000000001110000000000000000000000000000000000000000000000000000000000000000000000000000000000000000000011110000000000000000000111100000000000000000000000000100000000000000000000001111
0100000000000001000000000000000000000000000000011000000000000000000000000000000000000000000000000000000000000000000000000000000000000000010000001100000000000000000100011100000000000000000000000100101111111111111111110001
0100000000000001000000000000000000000000000000001110010000000000000000000000000000000000000000000000000000000000000000000000000000000000010000000110000000000000111000000111000000000000000000000100110000000000000000000001
0100000000000011000000000000000000000000000000000000000000000000000000000000000000000000000000000000000000000000000000001000000000000000000000110011000000000000000000000001111100000000000000000010000000000111111111111111
0100000000000010000000000000000000000000000000001010011000000100000000000000000000000000000000000000000000000000000000001000000000000000000000000001100000000000000000001100000110000000000000000011111111111000000000000001
0100000000000010000000000000000000000000000000000000001000000000000000000000000000000000000000000000000000000000000000001100000000000000000000000000111111110000000000000000000011110011000000000010000000000000000000000001
0100000000000010000000000000000000000000000000000000000100000000000000000000000000000000000000000000000000000000000000000100000000000000000000000000000000000001000000000000000000011001100000000000000011111111111111111101
0100000000000000000000000000000000000000000000000000000000100000000000000000000000000000000000000000000000000000000000000110000000000000000000000000000000001110000000000000000000000000100000000001111100000000000000000001
0100000000000000001100000000000000000000000000000000000000000000000000000000000000000000000000000000000000000000000000000011000000000000000000000000000000000000000000000000000000000000000000000000000000000000000000111101
0100000000000000001000000000000000000000000000000000000000000000000000000000000000000000000000000000000000000000000000000001000000000000000000000000000000000000000000000000000000010000010000000000011111111110000000000001
0100000000000000000000000000000000000000000000000000000000000000000000000000000000000000000000000000000000000000000000000001000000000000000000000000000000000000000000000000000000000000010000000000100000000001111111111111
0100000000000000000100000000000000000000000000000000000000000000000000000000000000000000000000000000000000000000000000000001000000000000000000000000000000000000000000000000000000000011000000000001000000000000000000000001
0100000000000000001000000000000000000000000000000000000000000000000000000000000000000000000000000000000000000000000000000000100000000000000000000000000000000000000000000000000001100110000000000000100000000000000000000001
0100000000000000001000000000000000000000000000000000000000000000000000000000000000000000000000000000000000000000000000000000110000000000000000000000000000000000000000000100000110000100000000000000100000000000000000000001
0101000000000000000000000000000000000000000000000000000000000000000000000000000000000000000000000000000000000000000000000000010000000000000000000000000000000000000000000100001100000000000000000000100000000000000000000001
0100000000000000000000000000000000000000000000000000000000000000000000000000000000000000000000000000000000000000000000000000010000000000000000000000000000000000000000000000111000000000000000000000100000000000000000000001
0100000000000000000000000000000000000000000000000000000000000000000000000000000000000000000000000000000000000000000000000000001000000000000000000000000000000000000000000000100000000000000000000000110000000000000000000001
0100000000000000000000000000000000000001100000000001111110000000000000000000000000000000000000000000000000000000000000000000001000000000000000000000000000000000000000000000000000000000000000000000011111100000000000000001
0100000000000000000000000000000000000110000001111110000101111100000000000000000000000000000000000000000000000000000000000000000000000000000000000000000000000000000000000000000000000000000000000000100000110000000000000001
0100000000000000000000000000000000011000011110000000000000000000000000000000000000000000000000000000000000000000000000000000000000000000000000000000000000000000000000000000000000000000000000000000100000010000000000000001
0100000000000000000000000000000001110001110000000000000000000000000000000000000000000000000000000000000000000000000000000000000000000000000000000000000000000000000000000000000000000000000000000000100001011000000000000001
0100000000000000000000000000000001000110000000000000011111111111100000000000000000000000000000000000000000000000000000000000000000000000000000000000000000001000000000000000000100000000000000000000010001001000000000000001
0100000000000000000000000000000010011100000000001111100000000000001100000000000000000000000000000000000000000000000000000000110000000000000000000000000000000110000000110000000110000000000000000000010001001000000000000001
0100000000000000000000000000000100110000000011110000000000000000000011000000000000000000000000000000100000000000000000000000010000000000000000000000000000000000000000001101000000010000000000000000010010000100000000000001
0100000000000000000000000000001101100000011100000000000000000000000000000000000000000000000000000001000000000000000000000000010000000000000000000000000000000000000000000001111000010000000000000000010000000100000000000001
0100000000000000000000000000001001000001110000000000000000000111111100000000000000000000000000000001000000000000000000000001001000000000000000000000000000000000000000000000001111000000000000000000010001100100000000000001
0100000000000000000000000000000000100111000000000000000000001100000111000000000000000000000000000011000000000000000000000000101000000000000000000000000000000001111000000000000001110000000000000000010011010100000000000001
0100000000000000000000000000000000001100000000000000000000001000000000110000000000000000000000000110000000000000000000000000001100000000000000000000000000000000000111111100001100011000000000000000010010000100000000000001
0100000000000000000000000000000000011000000110000000000000000011100000011000000000000000000000000100000000000000000000000000000110000100000000000000000000000000000000000111100011001100000000000000000110000100000000000001
0100000000000000000000000000000000010000011011000000000000010000100000001000000000000000000000000100000000000000000000000000100100000000000000000000000000000000000000000000111000000100000000000000000100000100000000000001
0100000000000000000000000000000001000000110001000000000000000000100000000000000000000000000000000000000000000000000000000000110000000011000000000000000000000000000000000000001110010100000000000000001000100100000000000001
0100000000000000000000000000000000000001100001000000000000000000010000000000000000000000100000000000000000000000000000000000011000000010000000000000000000000000000001111100000011010010000000000000001000101000000000000001
0100000000000000000000000000000000001110000000100000100000000000010000000000000000000001100000000000000000000000000000000000001000000100000000000000000000000000000001000011110001100010000000000000001000000000000000000001
0100000000000000000000000000000000010000000000100000110000000000010000000100000000000011001100000000000000000000000000000000001100001100000000000000000000000000000010000000011000100000001000000000001000000111111111111111
0100000000000000000000000000000000000000000000100000010000000000010000000000000000011100000000000000000000000000000000000000000100000111000000000000000000000000000010000000001000010000000000000000001000111000000000000001
0100000000000000000000000000000000000000000000100000000000000000110000000100000111100000000000000000000000000000000000000000000110000001111000000010000001000000000010000000110000001000000000000000001000100000000000000001
0100000000000000000000000000000000000000000010110000000000000001100000000000001100000000000000000000000000000000000000000000000011000000001110000011000000000000000010000011100000101000000000000000001000010000000000000001
0100000000000000000000000000000000000000000000001100000000000011000000000000001000000000000000000000000000000000000000000000000001000000000011000000110000000000000110000000000010010000000001000000000100010111111110000001
0100000000000000000000000000000000000000000000000011100011111100000000000000000000000000000000000000000000000000000000000000000001000000000000110000001110000000000100000000010110010000000000000000000101011000000000000111
0100000000000000000000000000000000000000000000000000011100000000000000000000000000000000000000000000000000000000000000000000000000100000000000011000000001111000001100000000000100010000000000000000000101010000000011001101
0100000000000000000000000000000000000000000000000000000000000000000000000000000000000000000000000000000000000000000000000000000000110000000000001100000000000111110000000000001100010000000000000000000100010000000110011001
0100000000000000000000000000000000000000000000000000000111100000000000000000000000000000000000000000000000000000000000000000000000010010000000000000000000000000000000000000000100000000000000000000000010010000001100010011
0100000000000000000000000000000000000000000000000000000000000000000000000000000000000000000000000000000000000000000000000000000000011000000000000000000000000000000000000001000100000000000000000000000010010000011000110001
0100000000000000000000000000000000000000000000000000000000000000000000000000000000000000000000000000000000000000000000000000000000001100000000000000000000000000000000000011001100000000000000000000000100010000110001000001
0100000000000000000000000000000000000000000000000000000000000000000000000000000000000000000000000000000000000000000000000000000000000111000000000000000000000000000010001110010000000000000000000000000100100000100011000001
0100000000000000000000000000000000000000000000000000000000000000011000000000000000000000000000000000000000000000000000000000000000000001000000000000000000000000000000001000100000000000000000000000001100100001100110111111
0100000000000000000000000000000000000000000000000000000000000000110000000000000000000000000000000000000000000000000000000000000000000001011000000000000000000000000000000000000000000000000000000000001010100011000100000001
0100000000000000000000000000000000000000000000000000011001100000000000000000000000000000000000000000000000000000000000000000000100100001001100000000000000000000000000000000000000000000000000000000001010100110001101111111
0100000000000000000000000000000000000000000000000000000000000000001000000000000000000000000000000000000000000000000000000000000100110000000100000000000000000000000000000000000000000000000000000000001010101100011000000001
0100000000000000000000000000000000000000000011000000000000000000000000000000000000000000000000000000000000000000000000000000000000011001100001000000000000000000000000000000000000000000000000000000001010001000110000000001
0100000000000000000000000000000000000000000001100000000000000110000000000000000000000000000000000000000000000000000000000000000000001000000001100000000000000000000000000000000000000000000000000000001000011000100111001001
0100000000000000000000000000000000000000000000000001101111100000000000000000000000000000000000000000000000000000000000000000000000000100000000111000000000000000000000000000000000000000000000000000001000110001110000000001
0100000000000000000000000000000000000000000000000000010000000000000000000000000000000000000000000000000000000000000000000000001000000100000000001100000000000000000000000000000000000000000000000000001000100011000011111001
0100000000000000000000000000000000000000000000000000000000000000000000000000000000000000000000000000000000000000000000000000001000000110000000000100000000000000000000000000000000000000000000000000001001100110000000000001
0100000000000000000000000000000000000000000000000000000000000000000000000000000000000000000000000000000000000000000000000000000000000010000000000111000000000000000000000000000000000000000000000000001001001100000000000001
0100000000000000000000000000000000000000000000000000000000000000000000000000000000000000000000000000000000000000000000000000000000000000010000000001110000000000000000000000000000000000000000000000001001011000000000000001
0100000000000000000000000000000000000000000000000000000000000000000000000000000000000000000000000000000000000000000000000000000000000000000000000000011000000000000000000000000000000000000000000000001001010000000000000001
0100000000000000000000000000000000000000000000000000000000000000000000000000000000000000000000000000000000000000000000000000000000000000000000000000001100000000000000001000000000000000000000000000001001000000000000000001
0100000000000000000000000000000000000000000000000000000000000000000000000000000000000000000000000000000000000000000000000000000000000000000000000000000110000000000000001000000000000000000000000000001001000000000000000001
0100000000000000000000000000000000000000000000000000000000000000000000000000000000000000000000000000000000000000000000000000000000000000000000000010000011111000000000000000000000000000000000000000001001000000000000000001
0100000000000000000000000000000000000000000000000000000000000000000000000000000000000000000000000000000000000000000000000000000000000000000000000000000000000000000000000000000000000000000000000000010001111110011011100001
0100000000000000000000000000000000000000000000000000000000000000000000000000000000000000000000000000000000000000000000000000000000000000000000000000000000000000000000000000000000000000000000000000010001000000000000000001
0100000000000000000000000000000000000000000000000000000000000000000000000000000000000000000000000000000000000000000000000000000000000000000000000000000000000000000000000000000000000000000000000000010001000000000000000001
0100000000000000000000000000000000000000000000000000000000000000000000000000000000000000000000000000000000000000000000000000000000000000000000000000000000000000000000000000000000000000000000000000010001000000000000000001
0100000000000000000000000000000000000000000000000000000000000000000000000000000000000000000000000000000000000000000000000000000000000000000000000000000000000000000000000000000000000000000000000000010001000000000000000001
0100000000000000000000000000000000000000000000000000000000000000000000000000000000000000000000000000000000000000000000000000000000000000000000000000000000000000000000000000000000000000000000000000010001100000000000000001
0100000000000000000000000000000000000000000000000000000000000000000000000000000000000000000000000000000000000000000000000000000000000000000000000000000000000000000000000000000000000000000000000000010000100000000000000001
0100000000000000000000000000000000000000000000000000000000000000000000000000000000000000000000000000000000000000000000000000000000000000000000000000000000000000000000000000000000000000000000000000010000100000000000000001
0100000000000000000000000000000000000000000000000000000000000000000000000000000000000000000000000000000000000000000000000000000000000000000000000000000000000000000000000000000000000000000000000000100001100000000000000001
0100000000000000000000000000000000000000000000000000000000000000000000000000000000000000000000000000000000000000000000000000000000000000000000000000000000000000000000000000000000000000000000000000100011001111111001000001
0100000000000000000000000000000000000000000000000000000000000000000000000000000000000000000000000000000000000000000000000000000000000000000000000000000000000000000000000000000000000000000000000000100010000000000000110001
0100000000000000000000000000000000000000000000000000000000000000000000000000000000000000000000000000000000000000000000000000000000000000000000000000000000000000000000000000000000000000000000000000100011100000000000000001
0100000000000000000000000000000000000000000000000000000000000000000000000000000000000000000000000000000000000000000000000000000000000000000010000000000000000000000000000000000000000000000000000000100010111111000001100001
0100000000000000000000000000000000000000000000000000000000000000000000000000000000000000000000000000000000000000000000000000000000000000000010000000000000000000000000000000000000000000000000000000100001000000000000000001
0100000000000000000000000000000000000000000000000000000000000000000000000000000000000000000000000000000000000000000000000000000000000001000110000000000000000000000000000000000000000000000000000001001001100111111111100101
0100000000000000000000000000000000000000000000000000000000000000000000000000000000000000000000000000000000000000000000000000000000000000011000000000000000000000000000000000000000000000000000000001000011011000000000011101
0100000000000000000000000000000000000000000000000000000000000000000000000000000000000000000000000000000000000000000000000000000000000000110000000000000000000000000000000000000000000000000000000001000100100011000000000001
0100000000000000000000000000000000000000000000000000000000000000000000000000000000000000000000000000000000000000000000000000000000000001100000000000000000000000000000000000000000000000000000000001000100100000000000000001
0100000000000000000000000000000000000000000000000000000000000000000000000000000000000000000000000000000000000000000000000000000000000001000000000000000000000000000000000000000000000000000000000001100101100010000000000001
0100000000000000000000000000000000000000000000000000000000000000000000000000000000000000000000000000000000000000000000000000000000000001000000000000000000000000000000000000000000000000000000000010000101000000000000000001
0100000000000000000000000000000000000000000000000000000000000000000000000000000000000000000000000000000000000000000000000000000000000001000000000000000000000000000000000000000000000000000000000010000100000000000000000001
0100000000000000000000000000000000000000000000000000000000000000000000000000000000000000000000000000000000000000000000000000000000000001000000000000000000000000000000000000000000000000000000000110000100000000000000000001
0100000000000000000000000000000000000000000000000000000000000000000000000000000000000000000000000000000000000001000000000000000000000001000000000000000000000000000000000000000000000000000000000100001000000000001110110001
0100000000000000000000000000000000000000000000000000000000000000000000000000000000000000000000000000000000000001100000000000000000000001000000000000000000000000000000000000000000000000000000000100001011000000000000000001
0101000000000000000000000000000000000000000000000000000000000000000000000000000000000000000000000000000000000000100000000000000000000001000000000000000000000000000000000000000000000000000000000100001001000000000000000001
0100000000000000000000000000000000000000000000000000000000000000000000000000000000000000000000000000000000000000000000000000000000000001100000000000000000000000000000000000000000000000000000000000001001000000000100011101
0100000000000000000000000000000000000000000000000000000000000000000000000000000000000000001000000000000000000000000000000000000000000000100000000000000000000000000000000000000000000000000000000000001001000000000000010001
0100000000000010000000000000000000000000000000000000000000000000000000000000000000000000001000000000000000000000000000000100000001000000110000000000000000000000000000000000000000000000000000000000001001000000000000110001
0100000000000000000000000000000000000000000000000000000000000000000000000000000000000000001000000000000000000000000000000000000001010000010000000000000000000000000000000000000000000000000100001000001000000000000001100001
0100000000000000000000000000000000000000000000000000000000000000000000000000000000000000001000000000000000000000000000000000000001010000011000000000000000000000000000000000000000000000001100000000000100000000000001000101
0100000000000000000000000000000000000000000000000000000000000000000000000000000000000000001000000000000000000000000000000000100001010000001000000000000000000000000000000000000000000000001000000000000001111111111111111001
0100000000000000000000000000000000000000000000000000000000000000000000000000000000000000001000000000000000000000000000000000110001010000001000000000000000000000000000000000000000000000011000000000000110000000000000000001
0100000000000000000000000000000000000000000000000000000000000000000000000000000000000000001000000000000000000000000000000000010001010000001000010000000000000000000000000000000000000000010000000000000010000000000000000001
0100000000000000000000000000000000000000000000000000000000000000000000000000000000000000001000000000000000000000000000000000001001000000001000011000000000000000000000000000000000000010000000000000000011000000000000000001
0100000000000000000000000000000000000000000000000000000000000000000000000000000000000000001000000000000000000000000000000000000000000000001000001000000000000000000000000000000000000000010000000000000010000000000000000001
0100000000000000000000000000000000000000000000000000000000000000000000000000000000000000001100000000000000000000000000000000000000100000011000000100000000000000000000000000000000000000000000000000000010000000000000000001
0100000000000000000000000000000000000000000000000000000000000000000000000000000000000000000000011111100000000000000000000000000000000111000000000000000000000000000000000000000000000000110000000000000010000000000000000001
0100000000000000000000000000000000000000000000000000000000000000000000000000000000000000000000110000011100000000000000000000000000001101000000000000000000000000000000000000000000000000010000000000000010000000000000000001
0100000000000000000000000000000000000000000000000000000000000000000000000000000000000000000001100000000110000000000000000000000000011001000000000010000000000000000000000000000000000000010000000000000100000000000000000001
0100000000000000000000000000000000000000000000000000000000000000000000000000000000000000000001000000000011100000000000000000000000110010000000000011000000000000000000000000000000000000010000000000000100000000011110000001
0100000000000000000000000000000000000000000000000000000000000000000000000000000000000000000000000001000000110000000000000000000000100110000000000001100000000000000000000000000000000000001000000000000100000000000000011001
0100000000000000000000000000000000000000000000000000000000000000000000000000000000000000000001100001100100011000000000000000000001101100000000000000100000000000000000000000000000000000000000000000000111000000000000000001
0100000000000000000000000000000000000000000000000000000000000000000000000000000000000000000000100000100000001100000000000000000000001000000000000000110000000000000000000000000000000000000000000000000010000000000000000001
0100000000000000000000000000000000000000000000000000000000000000000000000000000000000000000000110000000000000000000000000000110000000000000000000000010000000000000000000000000000000010100000000000000000000000000000000001
0100000000000000000000000000000000000000000000000000000000000000000000000000000000000000000000011000000000000000000000000001101000000000000000000000010000000000000000000000000000000010100000000000000001111111111111111111
0100000000000000000000000000000000000000000000000000000000000000000000000000000000000000000000001000000000000000000000000111000100000000000000000000011000000000000000000000000000001010100000000000001110000000000000000001
0100000000000000000000000000000000000000000000000000000000000000000000000000000000000000000000000000000000000000000000111100000100000000000000000000001100000000000000000000000000001010000000000001111000000000000000000001
0100000000000000000000000000000000000000000000000000000000000000000000000000000000000000000000000000000000000000000000010000000000000011000000000000000110000000000000000000000000000000000000000001001000000000000000000001
0100000000000000000000000000000000000000000000000000000000000000000000000000000000000000000110000000000000000000000000010000000111110001100000000000000011000000000000000000000000000000000000000001001100010000000000111111
0100000000000000000000000000000000000000000000000000000000000000000000000000000000000000000100000000000000000000000000011100001100001000000000000000000001100000000000000000000000000000000000000001110011100000111111000001
0101000000000000000000000000000000000000000000000000000000000000000000000000000000000000001100000000110000000000000000000011111000000111000000000000000000110000000000000000000000000000000000000000000000010001100000000001
0101000000000000000000000000000000000000000000000000000000000000000000000000000000000000001000000001100000000000000000000000000000000001100000000000000000110000000000000000000000000000000000000001000001100011000000000001
0101000000000000000000000000000000000000000000000000000000000000000000000000000000000000001000000001000000000000000000000000000000000000110000000000000000010000000000000000000000000000000000000000100011000110000000000001
0101000000000000000000000000000000000000000000000000000000000000000000000000000000000000011000000000000000000000000000000000000000000000010000000000000000000000000000000000000000010000000000000000001110001100000000000001
0101001000000000000000000000000000000000000000000000000000000000000000000000000000000000110000000111000000000000000000000000000000000000011000000000000000000000000000000000000000000000000000000000001000010000000000000001
0101000000000000000000000000000000000000000000000000000000000000000000000000000000000000100000001100000000000000000000000100000000000000000110000000000000000000000000000000000000000000000000000000011000110000000000000001
0101000000000000000000000000000000000000000000000000000000000000000000000000000000000000000000011000000000000000000000000000000000000000000011000010000000000000000000000000000000000000000000000000010000000000000000000001
0100000000000000000000000000000000000000000000000000000000000000000000000000000000000000000000010000000000000000000000000000000000000000000001100011000000000000000000000000000000000000000000000000100000000011111111111101
0100001100000000000000000000000000000000000000000000000000000000000000000000000000000000000000000000000000000000000000000000000000000000000000100001100000000000000000000000000000000000000000000000100000000000000000000001
0100100000000000000000000000000000000000000000000000000000000000000000000000000000000000000000000000000000000000000000000000000000000000000000100000110000000000000000000000000000000000000000000000100000000000000000000001
0101001000000000000000000000000000000000000000000000000000000000000000000000000000000000000000000000000000000000000000000000000000000000000000000000011000000000000000000000000000000000000000000001100000000000000000000001
0100000000001000000000000000000000000000000000000000000000000000000000000000000000100000000000000000000000000000000000000000000000000000000000000000000000000000000000000000000000000000010100000011000000000000000000000001
0100000000011000000000000000000000000000000000000000000000000000000000000000000001100000000000000000000000000000000000000000000000000000000000010000000000000000000000000000000000000000001000000010000000000000000000000001
0100000010100000000000000000000000000000000000000000000000000000000000000000000011000000000000000000000000000000000000000000000000000000000000000000000000000000000000000000000000000000000000000110000000000000000000000001
0100001110000000000000000000000000000000000000000000000000000000000000000000000110000000000000000000000000000000000000000000000000000000000000000000000000011000000000000000000000000000000000000100000000000000000000000001
0100010000000000000000000000000000000000000000000000000000000000001100000000000100000000000000000000000000000000000000000000000000000000000000000000000000001000000000000000000000000000000000001000000000000000000000000001
0100000000000000000000000000000000000000000000000000000000000000011000000000000000000000000000000000000000000000000000000000000000000000000000000000000000001100000000000000000000000000000000001000000000000000000000000001
0100100000000000000000000000000000000000000000000000000000000000010000000000000000000000000000000000000000000000000000000000000000000000000000000000000000000110000000000000000000000000000000001000000000000000000000000001
0100100000000000000000000000000000000000000000000000000000000000110000000000000000000000000000000000000000000000000000000000000000000000000000000000000000000010000000000000000000000000000000001000000000000000000000000001
0100000000000000000000000000000000000000000000000000000000110001100000000000000000000000000000000000000000000000000000000000000000000000000000000000000000000001000000000000000000000000000000000100000000000000000000000001
0100011000000000000000000000000000000000000000000000000001100011000000000000000000000000000000000000000000000000000000000000000000000000000000000000000000000001000000000000000001000000000000000111011111111111111111111111
0101110000000000000000000000000000000000000000000000000001000000000000000000000000000000000000000000000000000000000000000000000000000000000000000000000000000001000000000000000001000000000000001000100000000000000000000001
0101000000000000000000000000000000000000000000000000000000001100000000000000000000000000000000000000000000000000000000000000000000000000000000000000000000000001000000000000000000000000000000000000110000000000111000000001
0100000000000001000000000000000000000000000000000000000000001000000000000000000000000000000000000000000000000000000000000000000000000000000000000000000000000001000000000000000000000000000100001000000011111110000000000001
0100000001000010000000000000000000000000000000000000000000011000000110000000000000000000000000000000000000000000000000000000000000000000000000000000000000000000100000000000000000000000000110000111111000000001111100000011
0100000001000110000000000000000000000000000000000000000001110000000100000000000000000000000000000000000000000000000000000000000000000000000000000000000000000000100000000000000000000000000001001000000011111100000011111101
0100000011001100000000000000000000000000000000000000000011000000001100000000000000000000000000000000000000000000000000000000000000000000000000000000000000000000100011000000000000100000000000001111111100000011111000100001
0100000010000000000000000000000000000000000000000000000110000000011000000000000000000000000000000000000000000000000000000000000000000000000000000000000000000000100001000000000000100000000000000000000000000000000111100001
0100000000000000000000000000000000000000000000000000001100000000000000000000000000000000000000000000000000000000000000000000000000000000000000000000000000000000100000100000000010000000000000001000000000000000000000111001
0100000000000000000000000000000000000000000000000000010000000000000000000000000000000000000000000000000000000000000000000000000000000000000000000000000000000000000010100001000000000000000000001000000000000000000000001101
0100000000000000000000000000000000000000000000000000100000000000000000000000000000000000000000000000000000000000000000000000000000000000000000000000000000000000000010100001100000000000000000001000000000000001100000100101
0100010000000100000000000000000000000000000000000001000000000000000000000000000000000000000000000000000000000000000000000000000000111110000110000000000000000000000000100000110100000000000000001100000000011110000000100001
0100110100000000000000000000000000000000000000000010000000000000000000000000000000000000000000000000000000000000000000000000010111000001111001100000000000000000000001000000010000000000000000000110110000000000000000100001
0100100100000000000000000000000000000000000000000000000000000000000000000000000000000000000000000000000000000000000000000011101000000000000000011000100000000000000011100000000000000000000000000010000000000000000001100001
0100001100000000000000000000000000000000000000000000000000000000000000000000000000000000000000000000000000000000111111111100000000000000000000001100000000000000000000100000000000000000000000000000000000000000000001000001
0100001000000000000000000000000000000000000000000000000000000000000000000000000000000000000000011111100100111111000000000001000000000000000000000110000000000000000000000000000000000000000000000000000000000000000110000001
0101010000000000000000000000000000000000000000000000000000000000000000000000000000000000011110100000000011000000000000000011000000000000000000000011000000000000000010000000000000000000000000000000000000000000000101110001
0101000000000000000000000000000000000000000000000000000000000000000000000000000100001111100001000000000000000000000000001100000000000000000000000000000000000000000010000000000000000000000000000000000000000000011100001101
0100000001000000000000000000000000000000000000000000000000000000000000000000000011110000000000000000000000000000000000110000000000000000000000000000000000000000000000000000000000000010000000000000000000000000010000000101
0100101011000000000000000000000000000000000000000000000000000000000000000000000110000000000000000000000000000000000000000000000000000000000000001100000000000000000000000000000000010011000000000000000000000000011100000001
0100101000000000000000000000000000000000000000000000000000000000000000000000000100000000000000000000000000000000000000000000000000000000000000000011000000000000000000000000000000010000100000000000000000000000000011000001
0100101000000000000000000000000010000000000000000000000000000000000000000001100000000000000000000000000000000000000000000000000000000000000000000000100000000000000000000000000000010000010000000000000000000010000001000001
0100111000000001000000000000001000000000000000000000000000000000000000000000000000000000000000000000000000000000000000000000000000000000000000000000000000000000000000000000000000010000000000001100000000000110000001100001
0101101100000000000000000000000000000000000000000000000000000000000000000000000000000000000000000000000000000000000000000000100000000000000000000000000000000000000000000000000000010000000000011000000000001100000000100001
0100100100000000000000000000000000000000000000000000000000000000000000000000000000000000000000000000000000000000000011111000010000000000000000000000000000000000000100000000000000010000000000000001000000011000000000110101
0100000100010000100000000000000000000000000000000000000000000000000000000000000000000000000000000000000000000000100100000000000000011100110000000000000000000000000010000000000000000000000000001000110000110000000000010001
0101000110100001100000000000000000000000000000000000000000000000000000000000000000000000000000000000000000000000000000000000000000000000000000000000000000000000000010000000000000000000000000010000001100100000000000010001
0101000011100001000000000000000000000000000000000000000000000000000000000000000000000000000000000000000000000000000000000000000000000000000000000000000000000000000010000000000000000000000000010000000100000000000000001001
0100000000100001000000000000000000000000000000000000000000000000000000000000000000000000000001000000000000001100000000000000000000000000000000000000000000000000000000000000000000000000000000010000000000000000000001001001
0100000000100001000000000000000000000000000000000000000000000000000000000000000000000000000000000000000000001000000000000000000000000000000000000000000000000000000000000000000000000000000000100000000000000000000001001001
0100000010010000000000000000000000000000000000000000000000000000000000000000000000000000000000000000000000000000000000000000000000000000000000000000000000000000000000000000000000000000000000000000000000000000000001001001
0100001100011000000000000000000000000000000000000000000000000000000000000000000000000000000000000000000000000000000000000000000000000000000000000000000000000000000000000000000000000000000001000000000000000000000001001001
0100011000001000000000000000000000000000000000000000000000000000000000000000000000000000000000000000000000000000000000000000000000000000000000000000000000000000000000000000000000000000111001000000000000000000000000000101
0100110010101000000000000000000000000000000000000000000000000000000000000000000000000000000000000000000000000000000000000000000000000000000000000000000000000000000000000000000000000001001011000000000000000000000000000101
0100010100100000000000000000000000000000000000000000000000000000000000000000000000000000000000000000000000000000000000000000000000000000000000000000000000000000000000000000000000000001001010000000000000000000000000000101
0100001000100000000000000000000000000000000000000000000000000000000000000000000000000000000000000000000000000000000000000000000000000000000000000000000000000000000000000000000000000000011010000000000000000000000000000001
0100000000100110000000000000000000000000000000000000000000000000000000000000000000000000000000000000000000000000000000000000000000000000000000000000000000000000000000000000000000000000000010000000000000000000000000000001
0100000001000101000000000000000000000000000000000000000000000000000000000000000000000000000000000000000000000000000000000000000000000000000000000000000000000000000000000000000000000011000010000000000000000000000000000001
0100000000001101000010000000000000000000000000000000000000000000000000000000000000000000000000000000000000000000000000000000000000000000000000000000000000000000000000000000000000000010000000000000000000000000000000000001
0100000001000000100010000000000000000000000000000000000000000000000000000000000000000000000000000000000000000000000000000000000000000000000000000000000000000000000000000000000000000110000000000000000000000000000000000001
0100000001100000100000000000000000000000000000000000000000000000000000000000000000000000000000000000000000000000000000000000000000000000000000000000000000000000000000000000000000000100000100000000000000000000000000000001
0100000000000000100010000000000000000000000000000000000000000000000000000000000000000000000000000000000000000000000000000000000000000000000000000000000000000000000000000000000000001100000000000000000000000000000000000001
0100000000000000100110000000000000000000000000000000000000000000000000000000000000000000000000000000000000000000000000000000000000000000000000000000000000000000000000000000000000001000000000000000000000000000000000000001
0100000000000001100100000000000000000000000000000000000000000000000000000000000000000000000000000000000000000000000000000000000000000000000000000000000000000000000000000000000000011000000000000000000000000000000000000001
0100000000000000000000000000000000000000000000000000000000000000000000000000000000000000000000000000000000000000000000000000000000000000000000000000000000000000000000000000000000000000000000000000000000000000000000000001
0111111111111111111111111111111111111111111111111111111111111111111111111111111111111111111111111111111111111111111111111111111111111111111111111111111111111111111111111111111111111111111111111111111111111111111111111111
